new_id	pid
0	761
1	1080
2	704
3	2965
4	2393
5	3325
6	2103
7	256
8	2475
9	3612
10	2347
11	1250
12	764
13	2471
14	663
15	423
16	177
17	1256
18	3513
19	937
20	84
21	1552
22	1066
23	3401
24	2392
25	864
26	2110
27	2844
28	1257
29	3723
30	1954
31	1608
32	3444
33	1057
34	3675
35	3951
36	1750
37	2241
38	307
39	3022
40	733
41	468
42	1927
43	146
44	160
45	1289
46	931
47	238
48	2723
49	1659
50	2973
51	2007
52	2288
53	1569
54	2658
55	2662
56	2173
57	674
58	1426
59	3531
60	2501
61	3798
62	141
63	631
64	3443
65	153
66	270
67	2829
68	1263
69	2470
70	76
71	458
72	352
73	548
74	2073
75	3564
76	3691
77	1939
78	3608
79	1222
80	1969
81	1431
82	2947
83	93
84	233
85	1096
86	3551
87	2087
88	1355
89	1967
90	1936
91	2072
92	800
93	3041
94	3028
95	851
96	488
97	333
98	510
99	3885
100	2279
101	2751
102	2944
103	3731
104	3903
105	3875
106	436
107	3784
108	3179
109	3584
110	2088
111	523
112	258
113	3878
114	3672
115	452
116	3258
117	3805
118	2232
119	3733
120	340
121	2774
122	1624
123	1464
124	1973
125	3434
126	329
127	3303
128	379
129	2114
130	3498
131	2469
132	1749
133	1487
134	1837
135	3610
136	1854
137	169
138	2160
139	2611
140	3555
141	2574
142	1601
143	2645
144	3339
145	2015
146	289
147	1541
148	3107
149	1596
150	1864
151	1570
152	2000
153	3402
154	903
155	3547
156	1522
157	3776
158	2441
159	1191
160	479
161	2068
162	2195
163	1597
164	3913
165	3928
166	375
167	1214
168	1472
169	2492
170	2297
171	2107
172	244
173	1238
174	2278
175	2881
176	271
177	3008
178	3576
179	3155
180	2617
181	1167
182	3374
183	716
184	1855
185	3848
186	3357
187	2356
188	2196
189	648
190	2753
191	3159
192	3105
193	1438
194	953
195	10
196	188
197	1005
198	1635
199	2837
200	2542
201	2775
202	2975
203	3287
204	2433
205	292
206	364
207	2424
208	2487
209	3397
210	805
211	199
212	517
213	3147
214	1370
215	950
216	99
217	1021
218	3769
219	2464
220	405
221	1085
222	3548
223	3180
224	1024
225	957
226	1276
227	1363
228	3331
229	1636
230	1411
231	3045
232	1903
233	3218
234	1405
235	2468
236	3350
237	2397
238	3643
239	2109
240	3431
241	2693
242	1232
243	3347
244	2429
245	2622
246	1675
247	1334
248	408
249	1000
250	3062
251	1083
252	3918
253	197
254	2032
255	486
256	2434
257	3343
258	1408
259	1613
260	2727
261	2418
262	220
263	1904
264	1056
265	3079
266	671
267	2050
268	2410
269	2268
270	3161
271	2169
272	2644
273	490
274	2669
275	2408
276	1681
277	3925
278	1869
279	326
280	2745
281	2994
282	2518
283	457
284	2717
285	2180
286	2659
287	2106
288	1518
289	2414
290	96
291	850
292	1111
293	3824
294	1500
295	2971
296	3728
297	3710
298	2627
299	2862
300	779
301	3743
302	3730
303	2479
304	1666
305	3529
306	1471
307	3638
308	41
309	155
310	1719
311	711
312	3094
313	1941
314	1352
315	1380
316	3702
317	939
318	2267
319	3821
320	2439
321	1101
322	2571
323	3457
324	2808
325	554
326	487
327	1816
328	1242
329	3296
330	3865
331	1480
332	1104
333	1323
334	942
335	2075
336	1126
337	708
338	2043
339	205
340	1991
341	2338
342	587
343	295
344	1439
345	968
346	3846
347	3825
348	2458
349	3644
350	3524
351	1217
352	2041
353	692
354	422
355	920
356	3490
357	520
358	3036
359	501
360	2865
361	2647
362	3835
363	1306
364	3252
365	1566
366	1857
367	2815
368	1228
369	2968
370	3660
371	3005
372	1441
373	2596
374	2126
375	2549
376	3466
377	2062
378	2120
379	515
380	1878
381	3097
382	813
383	2560
384	2132
385	3146
386	2301
387	1612
388	1261
389	647
390	2488
391	3877
392	1178
393	3550
394	165
395	1502
396	1822
397	3006
398	1918
399	105
400	3649
401	1327
402	3051
403	1466
404	3927
405	3221
406	1919
407	3895
408	2395
409	184
410	535
411	2378
412	2550
413	2467
414	2061
415	3873
416	2886
417	2284
418	3273
419	2628
420	1029
421	75
422	589
423	3898
424	2902
425	2135
426	3921
427	1347
428	3203
429	2610
430	304
431	2038
432	3232
433	1453
434	808
435	3789
436	225
437	338
438	3747
439	2261
440	2653
441	1794
442	1870
443	502
444	2634
445	3019
446	2275
447	969
448	2325
449	1457
450	1752
451	1193
452	31
453	1595
454	1353
455	349
456	2616
457	538
458	1069
459	1850
460	1853
461	3132
462	1669
463	251
464	3163
465	2320
466	2987
467	3950
468	1356
469	1394
470	2537
471	3031
472	3866
473	469
474	1840
475	3719
476	2161
477	806
478	1930
479	1965
480	2262
481	132
482	3437
483	1667
484	2100
485	3669
486	237
487	3317
488	2798
489	2872
490	1839
491	1297
492	2130
493	2559
494	2412
495	2525
496	317
497	1088
498	659
499	3067
500	3309
501	3100
502	1495
503	2240
504	1627
505	653
506	2935
507	2755
508	391
509	3405
510	2679
511	2033
512	492
513	3657
514	2506
515	2915
516	1643
517	3614
518	1695
519	230
520	1807
521	2071
522	924
523	2866
524	1893
525	2605
526	3765
527	1416
528	2428
529	694
530	211
531	3426
532	3947
533	2383
534	2349
535	2882
536	2840
537	909
538	3363
539	2996
540	2370
541	1456
542	1339
543	782
544	2985
545	1523
546	1997
547	279
548	2831
549	3613
550	187
551	3128
552	880
553	382
554	183
555	540
556	2569
557	999
558	3834
559	1170
560	3341
561	1132
562	3580
563	606
564	2974
565	1929
566	3157
567	3857
568	2766
569	2340
570	3785
571	1032
572	1901
573	3167
574	196
575	3476
576	1169
577	1891
578	63
579	1551
580	3802
581	2095
582	1374
583	2516
584	2098
585	948
586	588
587	2725
588	550
589	341
590	1831
591	1645
592	1358
593	40
594	891
595	174
596	1168
597	135
598	2051
599	2683
600	472
601	1704
602	483
603	1547
604	3432
605	3919
606	2538
607	2734
608	1913
609	1151
610	3619
611	2804
612	2377
613	3868
614	2046
615	1687
616	1762
617	366
618	1925
619	2122
620	3127
621	1783
622	3430
623	1377
624	3721
625	732
626	1224
627	1003
628	2379
629	3783
630	164
631	2991
632	325
633	700
634	1246
635	1286
636	1734
637	2737
638	1888
639	743
640	3001
641	2125
642	525
643	1279
644	1836
645	2245
646	1688
647	2346
648	503
649	2713
650	1332
651	1113
652	2677
653	867
654	3639
655	499
656	650
657	916
658	2149
659	3695
660	195
661	3390
662	3712
663	1354
664	3285
665	1381
666	2427
667	698
668	2667
669	3838
670	1389
671	718
672	1990
673	1728
674	86
675	1923
676	2212
677	3153
678	1337
679	2079
680	1174
681	2070
682	551
683	273
684	3598
685	2027
686	1326
687	2650
688	2322
689	3684
690	1527
691	2714
692	2928
693	724
694	2391
695	1798
696	3696
697	2023
698	2674
699	2197
700	2129
701	801
702	2690
703	3711
704	945
705	476
706	446
707	425
708	1255
709	263
710	2682
711	3115
712	1972
713	1880
714	2018
715	3379
716	3738
717	3060
718	2252
719	3449
720	2101
721	1223
722	2657
723	433
724	1845
725	337
726	3108
727	1606
728	3452
729	930
730	3330
731	3326
732	2185
733	842
734	3527
735	3862
736	1202
737	640
738	907
739	3113
740	943
741	2665
742	2966
743	2497
744	1727
745	1317
746	3920
747	3039
748	1824
749	2498
750	298
751	2461
752	3081
753	3500
754	1844
755	3042
756	2809
757	1305
758	1090
759	3732
760	330
761	3483
762	434
763	2762
764	217
765	3694
766	1013
767	3451
768	1030
769	79
770	1985
771	2317
772	3556
773	1179
774	3333
775	2385
776	2507
777	2326
778	3572
779	455
780	3244
781	1097
782	2369
783	1423
784	3
785	2551
786	1885
787	1479
788	2164
789	266
790	3445
791	2496
792	1511
793	3794
794	3663
795	3847
796	3633
797	926
798	563
799	176
800	409
801	2982
802	2615
803	1371
804	3448
805	429
806	994
807	2474
808	64
809	2411
810	2520
811	2841
812	1275
813	3276
814	2115
815	2259
816	519
817	2381
818	1542
819	2594
820	290
821	2058
822	2764
823	824
824	13
825	594
826	2666
827	3624
828	1477
829	2281
830	2921
831	3905
832	3024
833	257
834	2260
835	1022
836	2500
837	2316
838	2151
839	2834
840	1105
841	3509
842	131
843	241
844	1271
845	3586
846	3874
847	3061
848	1980
849	1254
850	414
851	1686
852	1587
853	61
854	3943
855	1912
856	2035
857	2421
858	392
859	2289
860	3050
861	1920
862	1463
863	1392
864	3729
865	2181
866	1647
867	3421
868	2871
869	3611
870	3433
871	923
872	272
873	282
874	528
875	453
876	2660
877	2055
878	1207
879	1785
880	2981
881	1268
882	373
883	3872
884	2876
885	3563
886	2090
887	2922
888	2280
889	2453
890	514
891	245
892	1731
893	3199
894	1209
895	2749
896	3465
897	1100
898	2353
899	1484
900	3173
901	997
902	2407
903	2357
904	3539
905	2099
906	3076
907	1187
908	3138
909	2598
910	888
911	971
912	1958
913	1433
914	2398
915	1084
916	1940
917	3579
918	3450
919	3260
920	2477
921	615
922	2233
923	1388
924	2036
925	1722
926	2328
927	2086
928	2854
929	697
930	2203
931	1302
932	2938
933	3011
934	2739
935	2758
936	11
937	3596
938	2793
939	3391
940	992
941	3384
942	1378
943	1821
944	3194
945	2817
946	1804
947	2304
948	1199
949	2824
950	2134
951	1626
952	3017
953	288
954	2305
955	2580
956	1600
957	1589
958	2810
959	3844
960	2710
961	1476
962	281
963	2816
964	1767
965	2118
966	799
967	1588
968	1517
969	2150
970	1173
971	1273
972	228
973	861
974	38
975	2992
976	2894
977	461
978	2389
979	3475
980	354
981	5
982	47
983	905
984	3840
985	3141
986	566
987	255
988	633
989	830
990	2728
991	2733
992	2904
993	2085
994	2166
995	3602
996	3537
997	3587
998	3267
999	466
1000	1220
1001	3367
1002	3814
1003	1234
1004	846
1005	2283
1006	1946
1007	1657
1008	2796
1009	316
1010	3003
1011	639
1012	2163
1013	1543
1014	3129
1015	2011
1016	243
1017	90
1018	2901
1019	2951
1020	2857
1021	3889
1022	1585
1023	2318
1024	2820
1025	2941
1026	2177
1027	914
1028	344
1029	419
1030	3620
1031	1135
1032	929
1033	2171
1034	3473
1035	92
1036	3099
1037	2334
1038	2607
1039	3324
1040	3117
1041	297
1042	2526
1043	380
1044	2084
1045	2057
1046	3015
1047	413
1048	1617
1049	2029
1050	2244
1051	1496
1052	194
1053	42
1054	3264
1055	1882
1056	1190
1057	1884
1058	3718
1059	1290
1060	1287
1061	1461
1062	1550
1063	246
1064	1272
1065	1153
1066	552
1067	1602
1068	3908
1069	2767
1070	1219
1071	1567
1072	207
1073	2639
1074	1404
1075	3512
1076	1012
1077	2562
1078	542
1079	3238
1080	786
1081	438
1082	3189
1083	148
1084	454
1085	627
1086	1753
1087	902
1088	1328
1089	2368
1090	1188
1091	3313
1092	1099
1093	1621
1094	745
1095	474
1096	3486
1097	2348
1098	1018
1099	428
1100	1598
1101	393
1102	1771
1103	3120
1104	2835
1105	1336
1106	1668
1107	411
1108	2640
1109	2826
1110	3893
1111	781
1112	3804
1113	3175
1114	2967
1115	117
1116	2649
1117	2505
1118	1629
1119	2612
1120	24
1121	869
1122	2743
1123	247
1124	371
1125	1772
1126	3641
1127	3308
1128	2263
1129	986
1130	1860
1131	193
1132	208
1133	2536
1134	1525
1135	1895
1136	351
1137	3501
1138	719
1139	3058
1140	3810
1141	1028
1142	3706
1143	1995
1144	2332
1145	55
1146	29
1147	3340
1148	1883
1149	3949
1150	1006
1151	565
1152	1516
1153	1826
1154	1331
1155	1653
1156	2732
1157	2878
1158	934
1159	1865
1160	1829
1161	1291
1162	2929
1163	3567
1164	1788
1165	2721
1166	473
1167	621
1168	3358
1169	319
1170	294
1171	1658
1172	583
1173	118
1174	836
1175	212
1176	2443
1177	3144
1178	2205
1179	988
1180	1410
1181	163
1182	2052
1183	1293
1184	669
1185	3668
1186	407
1187	3021
1188	1197
1189	3507
1190	2738
1191	2532
1192	175
1193	3454
1194	1245
1195	1660
1196	2930
1197	3150
1198	3268
1199	3826
1200	2828
1201	1460
1202	695
1203	1682
1204	1988
1205	3435
1206	991
1207	1503
1208	2141
1209	754
1210	236
1211	2472
1212	224
1213	2168
1214	1914
1215	3634
1216	2515
1217	3406
1218	1248
1219	2315
1220	2133
1221	276
1222	2066
1223	2143
1224	1489
1225	162
1226	1304
1227	185
1228	359
1229	248
1230	2476
1231	2282
1232	2889
1233	2943
1234	471
1235	1009
1236	2522
1237	2465
1238	1437
1239	877
1240	301
1241	1445
1242	2861
1243	1984
1244	1121
1245	3135
1246	1344
1247	1544
1248	3481
1249	110
1250	3510
1251	3688
1252	3751
1253	3223
1254	2903
1255	2494
1256	3463
1257	1376
1258	3808
1259	3661
1260	2785
1261	2771
1262	2081
1263	386
1264	2750
1265	2567
1266	952
1267	1922
1268	516
1269	267
1270	2851
1271	2765
1272	1091
1273	1201
1274	2716
1275	491
1276	3400
1277	448
1278	39
1279	1515
1280	60
1281	2237
1282	783
1283	1301
1284	3767
1285	1414
1286	2744
1287	274
1288	3182
1289	3256
1290	2740
1291	3342
1292	1671
1293	2159
1294	3632
1295	1498
1296	1422
1297	1267
1298	3014
1299	1565
1300	463
1301	2805
1302	3497
1303	1934
1304	595
1305	2937
1306	2167
1307	3544
1308	28
1309	1468
1310	1718
1311	2219
1312	2454
1313	1089
1314	2004
1315	691
1316	2312
1317	2104
1318	3565
1319	2202
1320	1068
1321	2681
1322	709
1323	3658
1324	1493
1325	2554
1326	2517
1327	2633
1328	390
1329	1270
1330	2913
1331	383
1332	3754
1333	1777
1334	95
1335	1421
1336	3197
1337	467
1338	987
1339	3354
1340	3553
1341	2953
1342	1921
1343	2234
1344	198
1345	1026
1346	1694
1347	2643
1348	447
1349	609
1350	3836
1351	2759
1352	2362
1353	1071
1354	1978
1355	2002
1356	3516
1357	2778
1358	3299
1359	260
1360	3942
1361	2773
1362	3499
1363	420
1364	3713
1365	1758
1366	485
1367	1488
1368	2179
1369	1683
1370	19
1371	3293
1372	3753
1373	2296
1374	113
1375	3823
1376	3020
1377	2989
1378	2273
1379	3066
1380	728
1381	2959
1382	145
1383	2629
1384	2034
1385	2211
1386	3198
1387	2116
1388	2415
1389	915
1390	2253
1391	3274
1392	1744
1393	2373
1394	3213
1395	2898
1396	2709
1397	533
1398	3262
1399	2413
1400	2800
1401	2045
1402	707
1403	357
1404	3946
1405	1227
1406	1881
1407	3361
1408	2970
1409	3915
1410	2788
1411	235
1412	1407
1413	1103
1414	3101
1415	892
1416	1499
1417	2331
1418	762
1419	1391
1420	3909
1421	1989
1422	3518
1423	2671
1424	1693
1425	2651
1426	161
1427	815
1428	3168
1429	1616
1430	435
1431	415
1432	1269
1433	1791
1434	3286
1435	1213
1436	2993
1437	2932
1438	3160
1439	2005
1440	2997
1441	3088
1442	190
1443	1663
1444	154
1445	1120
1446	3410
1447	71
1448	2012
1449	3737
1450	3871
1451	1095
1452	2076
1453	2314
1454	569
1455	249
1456	628
1457	1171
1458	1513
1459	3368
1460	2096
1461	508
1462	858
1463	1027
1464	935
1465	1746
1466	2456
1467	1859
1468	14
1469	1875
1470	3269
1471	346
1472	2807
1473	2568
1474	1633
1475	100
1476	2919
1477	3225
1478	23
1479	3386
1480	955
1481	3827
1482	2707
1483	3679
1484	500
1485	2430
1486	3044
1487	936
1488	2399
1489	1310
1490	1690
1491	74
1492	424
1493	3137
1494	2485
1495	2271
1496	2856
1497	828
1498	3328
1499	2791
1500	1252
1501	2298
1502	2597
1503	1756
1504	3424
1505	291
1506	1780
1507	1994
1508	2949
1509	1889
1510	1977
1511	2119
1512	1632
1513	2940
1514	2530
1515	1926
1516	2269
1517	3504
1518	125
1519	2146
1520	2859
1521	1519
1522	2638
1523	1063
1524	1333
1525	3329
1526	3344
1527	369
1528	513
1529	3211
1530	3035
1531	3091
1532	2117
1533	206
1534	3936
1535	3417
1536	3771
1537	1554
1538	3447
1539	65
1540	2457
1541	1428
1542	3839
1543	3813
1544	3591
1545	3559
1546	2256
1547	541
1548	227
1549	1676
1550	3492
1551	2656
1552	1672
1553	1482
1554	3489
1555	3436
1556	2064
1557	3697
1558	3204
1559	1112
1560	296
1561	2123
1562	496
1563	2287
1564	3792
1565	996
1566	2535
1567	3520
1568	3046
1569	3830
1570	3667
1571	3654
1572	3858
1573	2013
1574	2769
1575	2307
1576	1458
1577	1459
1578	568
1579	122
1580	831
1581	1093
1582	1508
1583	577
1584	178
1585	1292
1586	3048
1587	1017
1588	2416
1589	2402
1590	980
1591	3853
1592	2917
1593	1313
1594	1655
1595	3043
1596	3346
1597	306
1598	1950
1599	3690
1600	1125
1601	2561
1602	3206
1603	1375
1604	852
1605	2648
1606	848
1607	7
1608	862
1609	3704
1610	3912
1611	1283
1612	347
1613	904
1614	2047
1615	1874
1616	3083
1617	2306
1618	3068
1619	2376
1620	2527
1621	2491
1622	2661
1623	2425
1624	1591
1625	3196
1626	2367
1627	556
1628	1419
1629	638
1630	2818
1631	2984
1632	1611
1633	1399
1634	3319
1635	1641
1636	36
1637	2729
1638	751
1639	87
1640	2364
1641	2330
1642	2022
1643	2697
1644	2452
1645	1285
1646	1644
1647	2080
1648	1841
1649	2877
1650	927
1651	394
1652	334
1653	1204
1654	3464
1655	3557
1656	144
1657	1061
1658	1594
1659	3625
1660	213
1661	611
1662	2157
1663	2093
1664	539
1665	1307
1666	590
1667	2891
1668	3398
1669	1054
1670	3364
1671	2341
1672	613
1673	3311
1674	2699
1675	384
1676	837
1677	2152
1678	967
1679	3807
1680	3166
1681	2162
1682	1385
1683	3112
1684	3419
1685	2264
1686	3508
1687	2188
1688	2836
1689	2613
1690	1447
1691	1042
1692	3837
1693	1412
1694	593
1695	2833
1696	1175
1697	2336
1698	1581
1699	886
1700	680
1701	3360
1702	1008
1703	504
1704	1367
1705	2624
1706	925
1707	1937
1708	532
1709	759
1710	3106
1711	2983
1712	1044
1713	564
1714	149
1715	3534
1716	16
1717	2083
1718	1707
1719	2250
1720	3698
1721	521
1722	3185
1723	3793
1724	3156
1725	3693
1726	3143
1727	3468
1728	1876
1729	2363
1730	3442
1731	1856
1732	2570
1733	2803
1734	661
1735	2689
1736	885
1737	22
1738	1917
1739	3744
1740	1395
1741	410
1742	2786
1743	1046
1744	3535
1745	3636
1746	1583
1747	1231
1748	2040
1749	3809
1750	3725
1751	3756
1752	1235
1753	2956
1754	3884
1755	3404
1756	2692
1757	1501
1758	3255
1759	182
1760	637
1761	1896
1762	3210
1763	1494
1764	2977
1765	1573
1766	818
1767	2694
1768	3768
1769	3581
1770	1284
1771	3685
1772	2964
1773	202
1774	3124
1775	3246
1776	137
1777	1128
1778	3403
1779	3717
1780	2451
1781	3453
1782	2718
1783	3282
1784	3597
1785	2672
1786	104
1787	2009
1788	3841
1789	1497
1790	3165
1791	2641
1792	1295
1793	2178
1794	1610
1795	3683
1796	368
1797	685
1798	536
1799	2963
1800	665
1801	2540
1802	1094
1803	442
1804	2524
1805	1147
1806	387
1807	94
1808	2863
1809	1504
1810	223
1811	129
1812	1507
1813	2459
1814	1887
1815	49
1816	1040
1817	2529
1818	3726
1819	1604
1820	2236
1821	802
1822	2587
1823	742
1824	1944
1825	3201
1826	2313
1827	1955
1828	2448
1829	1849
1830	2936
1831	328
1832	189
1833	1047
1834	2138
1835	1938
1836	3739
1837	879
1838	166
1839	1002
1840	426
1841	3114
1842	1343
1843	993
1844	2720
1845	1160
1846	376
1847	3327
1848	1520
1849	765
1850	2676
1851	1475
1852	3716
1853	3777
1854	2001
1855	2486
1856	2741
1857	1266
1858	2371
1859	314
1860	940
1861	3071
1862	299
1863	1417
1864	1124
1865	3254
1866	507
1867	3755
1868	2154
1869	3662
1870	2986
1871	1685
1872	2509
1873	26
1874	1799
1875	2566
1876	3271
1877	3148
1878	1812
1879	1680
1880	2403
1881	1050
1882	3063
1883	3272
1884	3355
1885	1987
1886	2327
1887	3215
1888	3774
1889	2900
1890	1432
1891	3110
1892	3910
1893	1932
1894	2
1895	1163
1896	2945
1897	119
1898	1225
1899	3676
1900	2010
1901	1703
1902	3118
1903	173
1904	88
1905	261
1906	3617
1907	2238
1908	126
1909	3162
1910	1288
1911	767
1912	506
1913	2783
1914	222
1915	2654
1916	2191
1917	586
1918	1809
1919	3863
1920	101
1921	450
1922	1806
1923	3852
1924	3635
1925	944
1926	374
1927	2892
1928	1992
1929	938
1930	3186
1931	1747
1932	1960
1933	1509
1934	750
1935	2920
1936	3257
1937	1679
1938	2548
1939	3049
1940	2789
1941	810
1942	3600
1943	159
1944	2827
1945	3622
1946	3111
1947	1535
1948	418
1949	191
1950	3184
1951	2466
1952	3222
1953	121
1954	1208
1955	3701
1956	108
1957	1996
1958	898
1959	558
1960	2781
1961	1862
1962	3338
1963	1401
1964	1665
1965	1605
1966	1033
1967	1546
1968	278
1969	1674
1970	3125
1971	331
1972	2599
1973	731
1974	3109
1975	1867
1976	443
1977	2174
1978	3519
1979	350
1980	1486
1981	231
1982	1949
1983	809
1984	3366
1985	2201
1986	2409
1987	81
1988	3012
1989	3470
1990	1341
1991	3515
1992	15
1993	1599
1994	3911
1995	239
1996	2893
1997	1623
1998	252
1999	1739
2000	1892
2001	2145
2002	3709
2003	2719
2004	2337
2005	3093
2006	635
2007	2642
2008	2777
2009	2355
2010	673
2011	1230
2012	3745
2013	1976
2014	2291
2015	3843
2016	2455
2017	2097
2018	984
2019	2311
2020	544
2021	3316
2022	2276
2023	2635
2024	1902
2025	3169
2026	2435
2027	1076
2028	3664
2029	1968
2030	2302
2031	3552
2032	3345
2033	2082
2034	1330
2035	2976
2036	2059
2037	2155
2038	8
2039	2763
2040	3318
2041	2121
2042	2294
2043	511
2044	385
2045	3174
2046	2249
2047	111
2048	3462
2049	3859
2050	3549
2051	3924
2052	921
2053	2553
2054	529
2055	3900
2056	3409
2057	3427
2058	3948
2059	1538
2060	1911
2061	1446
2062	2730
2063	3026
2064	662
2065	2187
2066	2907
2067	1982
2068	1715
2069	1198
2070	1556
2071	215
2072	1372
2073	1049
2074	62
2075	2292
2076	2440
2077	1835
2078	1564
2079	2420
2080	495
2081	157
2082	2663
2083	3484
2084	3528
2085	2137
2086	2142
2087	1086
2088	1951
2089	746
2090	179
2091	114
2092	990
2093	2799
2094	1910
2095	2687
2096	310
2097	896
2098	2031
2099	3104
2100	3387
2101	44
2102	1221
2103	300
2104	645
2105	27
2106	1241
2107	1365
2108	2541
2109	1373
2110	3130
2111	3714
2112	3615
2113	377
2114	53
2115	3149
2116	1983
2117	1916
2118	1397
2119	1325
2120	1592
2121	170
2122	3766
2123	1205
2124	1077
2125	1078
2126	2350
2127	546
2128	2404
2129	2401
2130	3674
2131	327
2132	1975
2133	50
2134	1172
2135	3471
2136	1760
2137	3628
2138	3849
2139	2873
2140	3914
2141	3307
2142	3932
2143	303
2144	2186
2145	3724
2146	2092
2147	592
2148	2382
2149	3034
2150	656
2151	3578
2152	46
2153	1603
2154	2735
2155	3526
2156	3623
2157	1004
2158	431
2159	3298
2160	2024
2161	2948
2162	2875
2163	3025
2164	45
2165	1136
2166	2044
2167	3686
2168	3735
2169	1280
2170	1858
2171	1465
2172	3757
2173	3604
2174	2442
2175	1007
2176	841
2177	2905
2178	2255
2179	2636
2180	1897
2181	353
2182	2257
2183	201
2184	1662
2185	3230
2186	1952
2187	2048
2188	714
2189	3037
2190	1186
2191	3820
2192	919
2193	1981
2194	3491
2195	200
2196	912
2197	3573
2198	1440
2199	575
2200	2688
2201	25
2202	3692
2203	1689
2204	1562
2205	2668
2206	1454
2207	2664
2208	1673
2209	2345
2210	2447
2211	203
2212	358
2213	3446
2214	2265
2215	2028
2216	342
2217	2354
2218	3208
2219	1087
2220	3945
2221	1164
2222	737
2223	219
2224	152
2225	1755
2226	3496
2227	1797
2228	2814
2229	2626
2230	365
2231	2153
2232	614
2233	1956
2234	3937
2235	527
2236	2417
2237	618
2238	2706
2239	2531
2240	1265
2241	308
2242	2053
2243	1035
2244	1957
2245	1964
2246	324
2247	562
2248	2158
2249	3439
2250	493
2251	116
2252	1357
2253	3929
2254	1350
2255	1264
2256	3886
2257	1346
2258	3010
2259	3375
2260	72
2261	1200
2262	3302
2263	3425
2264	605
2265	2026
2266	2182
2267	1545
2268	3940
2269	2589
2270	2695
2271	1258
2272	760
2273	1092
2274	2646
2275	2176
2276	720
2277	3248
2278	580
2279	2787
2280	3775
2281	1037
2282	345
2283	630
2284	778
2285	167
2286	229
2287	2726
2288	1348
2289	3040
2290	3214
2291	2431
2292	3251
2293	2481
2294	2864
2295	1278
2296	478
2297	3901
2298	3653
2299	3944
2300	1129
2301	1060
2302	788
2303	3773
2304	1833
2305	3566
2306	2558
2307	2772
2308	1082
2309	1011
2310	3811
2311	626
2312	2565
2313	2702
2314	1127
2315	1442
2316	1025
2317	1677
2318	3763
2319	2094
2320	3029
2321	3791
2322	1863
2323	1909
2324	2017
2325	3570
2326	3247
2327	2006
2328	3190
2329	3505
2330	2819
2331	524
2332	1782
2333	482
2334	1449
2335	3673
2336	32
2337	2221
2338	2335
2339	3605
2340	2436
2341	531
2342	597
2343	1696
2344	3502
2345	2890
2346	1079
2347	1651
2348	3082
2349	2366
2350	3803
2351	3851
2352	1383
2353	3078
2354	2521
2355	1051
2356	1262
2357	451
2358	1779
2359	3525
2360	3259
2361	250
2362	1425
2363	2069
2364	1656
2365	2293
2366	870
2367	1770
2368	3699
2369	3922
2370	1016
2371	480
2372	259
2373	3760
2374	66
2375	1393
2376	2490
2377	2806
2378	1986
2379	57
2380	2678
2381	1294
2382	2078
2383	2724
2384	2482
2385	3428
2386	1210
2387	3370
2388	833
2389	2916
2390	1625
2391	910
2392	3016
2393	449
2394	766
2395	2065
2396	3263
2397	3536
2398	3018
2399	1345
2400	559
2401	2846
2402	3275
2403	181
2404	2926
2405	1196
2406	908
2407	3441
2408	1398
2409	3708
2410	2779
2411	2266
2412	2406
2413	549
2414	3385
2415	1834
2416	2962
2417	3283
2418	1810
2419	2060
2420	48
2421	2148
2422	2021
2423	2394
2424	3239
2425	1483
2426	3831
2427	2534
2428	1649
2429	600
2430	3882
2431	417
2432	1574
2433	150
2434	107
2435	3897
2436	725
2437	1081
2438	2715
2439	1427
2440	464
2441	2896
2442	1473
2443	3178
2444	1259
2445	3243
2446	2303
2447	3249
2448	3795
2449	2444
2450	3090
2451	2077
2452	913
2453	1413
2454	3176
2455	2020
2456	3102
2457	204
2458	2450
2459	2111
2460	3359
2461	2579
2462	829
2463	3938
2464	3300
2465	3740
2466	3284
2467	1366
2468	610
2469	2042
2470	2950
2471	3861
2472	2286
2473	1730
2474	462
2475	2927
2476	537
2477	1031
2478	1215
2479	1034
2480	2849
2481	2573
2482	2631
2483	2247
2484	1387
2485	3459
2486	2056
2487	518
2488	3790
2489	1382
2490	3145
2491	747
2492	803
2493	2590
2494	1654
2495	839
2496	2757
2497	2405
2498	3412
2499	172
2500	2329
2501	3788
2502	3894
2503	2184
2504	2193
2505	2906
2506	3891
2507	2194
2508	3177
2509	2215
2510	897
2511	2242
2512	1811
2513	3069
2514	2802
2515	2850
2516	509
2517	494
2518	3860
2519	367
2520	313
2521	3545
2522	3670
2523	1064
2524	240
2525	3487
2526	3599
2527	3585
2528	3074
2529	3680
2530	2852
2531	2170
2532	3671
2533	355
2534	1490
2535	2089
2536	3616
2537	3648
2538	736
2539	932
2540	444
2541	2272
2542	2140
2543	599
2544	1670
2545	1963
2546	186
2547	3806
2548	3923
2549	1359
2550	336
2551	1321
2552	954
2553	612
2554	2339
2555	21
2556	1194
2557	2144
2558	3152
2559	1711
2560	2586
2561	2372
2562	1282
2563	2243
2564	3930
2565	3301
2566	2112
2567	477
2568	2942
2569	849
2570	1253
2571	12
2572	2870
2573	3941
2574	2888
2575	2712
2576	432
2577	2939
2578	1192
2579	168
2580	1303
2581	832
2582	2352
2583	1067
2584	1131
2585	2858
2586	3514
2587	2025
2588	3200
2589	1119
2590	2375
2591	1701
2592	1361
2593	3072
2594	1899
2595	2128
2596	3467
2597	3310
2598	2792
2599	3422
2600	1961
2601	6
2602	332
2603	2670
2604	2422
2605	1735
2606	3495
2607	3506
2608	2091
2609	54
2610	2925
2611	2460
2612	2387
2613	242
2614	3571
2615	2855
2616	702
2617	3588
2618	1959
2619	1299
2620	2514
2621	2049
2622	2761
2623	2300
2624	465
2625	3540
2626	18
2627	2884
2628	2054
2629	1148
2630	3741
2631	388
2632	3562
2633	456
2634	505
2635	602
2636	1584
2637	3240
2638	1203
2639	2606
2640	322
2641	2359
2642	3396
2643	3480
2644	1759
2645	2780
2646	1928
2647	1184
2648	1036
2649	1114
2650	1015
2651	1322
2652	2620
2653	484
2654	2572
2655	1020
2656	283
2657	1631
2658	2139
2659	2795
2660	835
2661	1970
2662	2105
2663	3365
2664	522
2665	1342
2666	3420
2667	3705
2668	3593
2669	893
2670	2463
2671	158
2672	2384
2673	3181
2674	933
2675	1769
2676	421
2677	1053
2678	1212
2679	1236
2680	2124
2681	882
2682	585
2683	811
2684	2533
2685	3478
2686	3689
2687	2842
2688	1814
2689	2380
2690	445
2691	710
2692	3678
2693	1485
2694	1732
2695	688
2696	2883
2697	1971
2698	1620
2699	3265
2700	1586
2701	2523
2702	180
2703	3646
2704	156
2705	1793
2706	2342
2707	875
2708	1639
2709	2752
2710	4
2711	1590
2712	2396
2713	2147
2714	82
2715	356
2716	1010
2717	2400
2718	2204
2719	3786
2720	1281
2721	3681
2722	335
2723	1593
2724	3395
2725	3013
2726	3734
2727	900
2728	2782
2729	147
2730	840
2731	1609
2732	616
2733	543
2734	3073
2735	1041
2736	3665
2737	1650
2738	253
2739	982
2740	2423
2741	1998
2742	17
2743	309
2744	1300
2745	581
2746	427
2747	3606
2748	1130
2749	2290
2750	1894
2751	3053
2752	3392
2753	3399
2754	753
2755	2189
2756	2701
2757	1879
2758	2770
2759	1748
2760	2227
2761	2711
2762	2295
2763	3055
2764	1648
2765	2555
2766	2691
2767	1846
2768	68
2769	70
2770	899
2771	949
2772	3494
2773	1948
2774	1390
2775	1947
2776	2351
2777	2546
2778	2652
2779	3133
2780	901
2781	3219
2782	2513
2783	1942
2784	3677
2785	3408
2786	1351
2787	1721
2788	3715
2789	1726
2790	1702
2791	3845
2792	2419
2793	2848
2794	2390
2795	1539
2796	3469
2797	2545
2798	2539
2799	2248
2800	3759
2801	3253
2802	1935
2803	3393
2804	52
2805	2794
2806	2183
2807	667
2808	2446
2809	470
2810	3030
2811	2014
2812	34
2813	1226
2814	2704
2815	3103
2816	440
2817	1244
2818	218
2819	1640
2820	1206
2821	3414
2822	481
2823	3926
2824	1580
2825	2003
2826	209
2827	35
2828	1329
2829	3098
2830	1324
2831	69
2832	3038
2833	1717
2834	1999
2835	1661
2836	412
2837	2108
2838	3781
2839	1805
2840	2502
2841	2581
2842	277
2843	348
2844	381
2845	43
2846	3778
2847	78
2848	2908
2849	1455
2850	3183
2851	2426
2852	3819
2853	1678
2854	2361
2855	2978
2856	1529
2857	547
2858	2528
2859	3362
2860	1713
2861	3372
2862	1311
2863	2136
2864	1038
2865	1023
2866	3032
2867	2988
2868	2868
2869	2511
2870	89
2871	254
2872	459
2873	3801
2874	2946
2875	3916
2876	315
2877	2016
2878	2990
2879	30
2880	372
2881	460
2882	3640
2883	2432
2884	2449
2885	3879
2886	3917
2887	3052
2888	1729
2889	3477
2890	2344
2891	574
2892	3511
2893	275
2894	1582
2895	1733
2896	216
2897	2437
2898	1043
2899	102
2900	1906
2901	2813
2902	3334
2903	3033
2904	3461
2905	320
2906	1240
2907	1183
2908	3934
2909	668
2910	2462
2911	3770
2912	234
2913	1185
2914	2190
2915	1420
2916	3388
2917	2847
2918	1792
2919	3896
2920	1827
2921	2310
2922	3782
2923	1784
2924	1340
2925	881
2926	3543
2927	3371
2928	3720
2929	20
2930	1872
2931	3488
2932	3306
2933	1953
2934	2321
2935	3939
2936	3007
2937	1055
2938	784
2939	2912
2940	312
2941	1335
2942	318
2943	2600
2944	1646
2945	1993
2946	918
2947	928
2948	3440
2949	3394
2950	603
2951	343
2952	361
2953	3883
2954	3590
2955	2037
2956	489
2957	2067
2958	3304
2959	596
2960	1619
2961	1974
2962	2874
2963	3758
2964	2504
2965	3261
2966	1801
2967	2583
2968	3087
2969	1931
2970	3438
2971	1247
2972	265
2973	1379
2974	2768
2975	2918
2976	3682
2977	555
2978	1563
2979	1575
2980	3618
2981	1979
2982	497
