
225	74


249

122	174
15
186

125

29	54

80
52
136

52


214


247


195	144

338	10	163
129
163	17

22	208	297	33	167
59



313








30
144
383
113	115	167	45







159	269

39
17
250
265


266	379	283
92	172
95	331	82



222


330
133
339

205

165


101
95
287	121

203
251
86
200
62	3

117
4	162



136
65	227



399

19

128
41





141	45
95	19	208






116


249


98	314	78

180

55	349
175


104
45
150
73
208

134
2

187

123	185	122



0




160
368	252



198	28





273

210	369
345	111	299
304

282
57	52
76	369

11
226
127	310
349


43	33
29	207	43

136	194	265
140
282	120
228	159

32


136


1





285	34
119	369	121	123

162

237	84
123	75

244

19


35


169

272

294


16


68	175


149


130
175
21
303




170






191	175



277







8	162
40


289
129
9	207	66
29




302	159
276




19
44

63	365
108







206	41	194



46	106

157

264


142

71





158

332	78
34


19
48

99

368
205	115


187
16	119







133
144	263

172

264
161
149

371
61	137
319

86	21


25



134



188	270

172

81

125	35
154



147	16	100


332
236	264


207

69	94

144	365
128
117




122	16

45	322

123
19

377	4	279
83	326
165	137
95
41

297	247





365	281	195


193	159




318	251

162


20	63




103



278	197




202	61
123
16	110






134
78	110




119

82
104

17	348

71	199	123


74



145

35

249	230

138	28	176
124

194	163	95
16

298
121	182


98


34	121
125


187	1
28
157	47


132




115





78
72	120



94



167


185
355


83	257	212
308
41	167

0


190	148



164
118	210	130

192	193

219



95


194
149
189	27	85
9

55
120	28
24	302
179	162


83

113


312









238	353
67
361	394



97
166


260

42

253	275	201



346	143	315

344



207

229

274
200
70
98
168

30	228

64


17	157	235





124


358	136
269







275	382	178
68	146
158
159	192	292	193

16	155


212	316

83


75
124



194
211	267	155
17
35


89	116

265	250




156	119




72
187

128

34	101	257	72


352

282


323	107
78

362



286

10
11	102	365	326

298

284

19
293

204




112

















208

318
47
318


9
116
257

26
222
171


176



221
212	13

9
337



250	392
118	106

48	302
107	110
35	125



170






357	186
55
275	317
19
207






266
122

126
174
164	19

342
301	104
43
314
270

9	175	125

18	376



52






337


69

342	4
201




75

87	12
51	66
169
47	75
17	266
213

193	159	192
203
252

207


66

184



258	340
98

130	266


93	65




22	259	187	114	388
78
268
212	49
114
313
59


66
41	56
396

94






50	52	217
306
39
298	178

273	100
340	123	289

153	294	336


157
141	47
250





59

207	4
117

299


144
300
31
395	301
110	124



175	108

199	120
162

215
159	246	302



175
135

100
347





37

118	175	125	9
321	10


66

27	391

2	26


222

261

126

95
170



76


229
143
14




329


52	187

217	323
34	72
144	261	210

125	102






373
178	239


157

268

159




117
52

119


38
191


208

277	112

320









231
162	18
214	145

218



151	223


72	263	206
46	183	35


352


169

234	334


287	200





337


163	214
28	208


386
1

176

116









204	233	123
282	50

7

183




176	316
262

317
322





43
168
290

177
203



158


179	186
143

377



260

214

283


195

27
48	177	381

374
187	11


326
165	119
29



333






228	78


3

78
236
359

11
4

363
204
261

172


108	108

131	378	61	106

257


28	76

31	81	140	24




263


117


17


318
394


95
40	203
373
203	285	222
155

119	195	50

107	217	100	305	243

252
78






236
280
318

102
253	366
267

164



131

74





47	245
137
83

282	273
327
255


327











173
349


383


166

175



244
20
257	271	195

23

387

166


328	372
145




201


232
116	211


45	250
113	4




327	325


184
63	365




22	52

123	368

86	124



325

348	17


270


173	29	368
167
111
49	53

185	28	148
158
123

115

13
58

260


232

24	133


78
297

215	387





24




174	131	116	374


222	34

28
234

332	166	281

174	137



139

274


123	198




137
175





212
223	48


256	24	276

132	289
10


168
277	5	285
47	95

255	38



211

199	114	223



121





122
396
322
273
172	261	344	67
214
11
35

2
214
310	172	158	333

137	228
74	198
166


74	225
113	365


163	348

120	127
147	101	18
87
382	7	297	163
252

116	172
158
119	358	359
350
16	82

4


306	43
171


261	137

102	41
257

214


365




46	35	183
327
231
175


50	377



144
139

16

119




207	170
162





170	113
397
264

52	66
171
52	123	287
166



68

129



207	135

359	264	299	279	9
144

265	113





155

142	241








389



167
98	188	172







155
67	35
95
175


151

362

203
384


156
352
71
35



0



120
211
121


0







19
178
367

330


351	238	227
124
152	398

20


91	76
179
11


330
28


187




53	43	11
173	23	93




372
83


35	201
148


17
392

83	218

158
125

173
252
48



286

89	120
223	278	149







235
95

128
72	31	24


324





194
264	107

125	136	390	187

25	338
144
209	193

231
263	214








116



84
216	196	118
99
95
359

112

390
234


67	259

52	0


72

107



241	29
352
156	157



40
175


4
290
261
168	163


59




326

18
75
137	198	9
84
87

338
210


390


316
119	2



359

43



19	29	23
178
43



218	267

130
15	102	122

365	43
180
211	263

115



173
116	301



72	133	319


289
44
308	239




267


222	16

111
348
100	222




79



177	268	256

4	285
126
313
146
122
285



149

226	152
245
75


94
273	297	263	78

18	168
393
344
163








34
48	186
360
28


95	121
123
284	73

94
161	45	122
195
70


32	397
241	93

311

387







82	123	377

90

137
370	391
41


156


128
214



152	257


85



376	217
341
214
229	1	222

310

194



124
42	54

354	147

48	13

240
384
265	127

275
364	255	114
96




248	236
0
373	194


104
164



232
81
350
10



398
137	399
217	373
13


127


6
67	194	100
121
248






70



222


214


24




38	4	312
318

85	378
171
35
232
82	97


15



45	9
17
245


224	110
122


194	174
17	284
305	118	52	206

391
126



129
35	311	28


25	129



162	174
58	181	347
29	128

166



230
47
203
287

53

254
223

149	144	116

232	250	329	194





306	19
186	332	306	23	13	220


356
72	273
72	359	379


188	329
300	137


177
46


33


9	273
64	296


164

63




367
213
337



328


48	118



142	152

5	80



75

83	201

43
229

182
282


167	9

106	279




25
37
81
10
97
28
89
163	161
35	124


114	306	377

169	244
307	331	258






201
19	119

278	118
242



270
271


100

74

334
283	16
276	105	149	4



301	385

9
143
43

21





332

200	120
315	346



306
281	358	25	68
194	266

48
63	250
89
195
72	32



116	41
138	87

74	225

66



120

176	272
220
138	328




188


326
170	140
2	120
120	121
232

121
172




125
143

353

273	335	186	34
112	319

365
263	81



257	152
120	131
279	388	120
149

221	25	6



385

401


381


211





105	263



47	143	390
95
125
33
366


63
108	83
230
123

383


94
163




144	13



162	399


16







47	168
73







160
374

4	0
203	128
150	390



365




241

137



184

48	94

269	19

189	23	75
33	242

12



149	206



157
326


66	250

243	113








32	344	210	173	131

174	162	219

19	83





41


152

66
128



97	169

328
206	267


147	121


67

364	185

172
137	270


103	367	198


51
123

217
170	287
157	67	260

234	159
383	386
123
337
77	41
245	145	355
120
17

293
211
93

124


45



34


355

54

171

75	81
316
28
82	353


77


375
34	212

397	355
374	19	93
190	227	236	11	397
157	75
79
270	101

45

400
30
330

332	66
251	84
368	359

108

89	255	261


109	31
16
235










214	163	263
163

183	166





309

316

385	341
197	51


157





390
285	259
283	66	214

149

43
112	145	141
337



363	365
20






63	88












314





76	149
13	277
90
92	231
240
387	129
315	115	346

387	21

138	290

242	256	276

124
138

76	113
316



171
263
95



334
20	158
129
232
77
3



295
34

329


148




19	9	97	79	270
135

155

212
124


238




41
83
332
163	131







44
219	254	1	324	274


132





121
120	326







159

4


112	239	11

375
200
95
106	214
305

309

248	52

356	155
97
63

288

386

254	19	212




291	260
96

84


232


19




38
345


14
74

100
36



190

208



74	116
92
196	363	220
171
226



18
125
11
44

253	366	389
114
372


292	193	192	159




87
261
135	170


226


393
380

241

166	65
23	393	308
44	24
140
168
23
15	125



90	360

33

184

217	66



6
232
152
9


268	206
117	143
121

164

272






112




121	214
280	95	397
88
263	284



187	48



355

394	399	162
35	130
186





4	21

175



134



269	300
262

164
358
212	127


31

325

203


301	275

356
294

86
133
28	10
74


160	187	245




21
313

50
274	95





86	103	343
52	199
133
110	34
321

163	24



94
316



178


257
24	207
224	28	250
60
158
129

383	267


150	10

60
351


0
325
331







15

99
57


316
70
16







271	8

123	348	244

165	23

29	400	206
185	120

93	388	113	114



56
150

116
210


116	63

192
10
313




354
105
260	140	76

302
171

107

291	243
178	298



159	66
189
220





1	207


123
114	46


258

40



343
101
19
144


275

12


53


66


144	217	386	22	229	179	23
116	78
214
81	29	163
42	387	365

101



321


4


158

16
