rating_id	new_id
1003134	0
1003798	1
1005261	2
1008023	3
1010145	4
1018542	5
1023672	6
1026493	7
1035020	8
1039046	9
1039205	10
1041209	11
1041403	12
1044535	13
1044776	14
1045824	15
1046264	16
1047533	17
1048016	18
1048362	19
1049298	20
1051870	21
1053592	22
1054946	23
1058825	24
1059156	25
1066049	26
1077321	27
2005054	28
2008475	29
2016788	30
2017294	31
2019942	32
2030825	33
2048518	34
2048948	35
2059839	36
2061069	37
2063610	38
2064055	39
2069487	40
2070648	41
2073565	42
2076242	43
2085748	44
2093901	45
2096037	46
2101299	47
2103423	48
2110826	49
2121794	50
2131600	51
2137578	52
2140155	53
2140839	54
2143627	55
2150262	56
2151998	57
2158309	58
2162156	59
2162162	60
2164753	61
2167262	62
2170339	63
2176276	64
2177008	65
2180051	66
2181602	67
2186803	68
2189202	69
2192894	70
2195865	71
2197281	72
2198965	73
2204896	74
2207841	75
2222413	76
2226960	77
2227566	78
2230712	79
2235610	80
2240207	81
2241192	82
2242663	83
2246769	84
2248978	85
2255135	86
2262515	87
2265552	88
2266344	89
2274811	90
2279424	91
2283870	92
2288779	93
2292633	94
2304843	95
2311227	96
2312011	97
2315261	98
2322458	99
2323914	100
2326592	101
2327961	102
2339717	103
2348952	104
2350911	105
2355345	106
2359678	107
2372941	108
2374836	109
2375403	110
2375432	111
2379522	112
2381673	113
2382718	114
2383779	115
2385154	116
2386457	117
2389684	118
2390254	119
2393365	120
2397241	121
2397493	122
2398370	123
2399370	124
2401264	125
2403537	126
2410164	127
2417190	128
2420095	129
2420117	130
2425088	131
2427003	132
2433558	133
2435006	134
2435749	135
2438290	136
2440512	137
2441502	138
2441673	139
2445122	140
2447052	141
2447190	142
2447205	143
2455273	144
2456122	145
2457675	146
2460814	147
2461522	148
2461854	149
2462874	150
2467032	151
2468940	152
2469956	153
2472544	154
2472606	155
2476100	156
2476355	157
2477483	158
2482474	159
2482724	160
2486568	161
2492485	162
2499597	163
2504308	164
2510859	165
2512183	166
2515842	167
2520835	168
2521525	169
2528633	170
2529878	171
2533611	172
2535950	173
2541986	174
2542016	175
2542575	176
2546987	177
2549674	178
2553227	179
2554610	180
2556449	181
2560770	182
2562052	183
2565159	184
2570234	185
2571823	186
2574531	187
2577791	188
2585812	189
2589475	190
2597871	191
2600107	192
2602896	193
2603081	194
2603703	195
2607563	196
2608296	197
2610480	198
2611775	199
2612191	200
2622081	201
2630994	202
2631223	203
2633112	204
2638440	205
2642854	206
2644887	207
2645123	208
2649794	209
2657881	210
2658111	211
2658791	212
2673926	213
2675124	214
2678618	215
2678822	216
2701378	217
2703135	218
2703633	219
2707419	220
2724069	221
2727443	222
2729340	223
2733315	224
2739069	225
2744405	226
2747640	227
2747679	228
2755707	229
2755790	230
2761764	231
2763552	232
2764756	233
2768394	234
2769208	235
2770591	236
2771935	237
2773174	238
2776813	239
2777664	240
2780869	241
2788834	242
2790266	243
2801472	244
2804308	245
2804395	246
2804532	247
2810982	248
2812325	249
2813453	250
2824172	251
2833076	252
2845351	253
2848903	254
2854098	255
2868177	256
2869646	257
2870824	258
2872745	259
2880053	260
2886938	261
2899755	262
2907720	263
2909843	264
2920678	265
2923909	266
2927082	267
2927263	268
2930628	269
2931798	270
2934732	271
2946886	272
2948640	273
2953318	274
2956997	275
2974669	276
2975450	277
2979372	278
2989016	279
2991844	280
2991896	281
2997358	282
2998915	283
3002379	284
3002671	285
3003353	286
3007944	287
3028004	288
3035191	289
3035207	290
3035668	291
3043144	292
3044195	293
3051447	294
3052022	295
3053025	296
3053933	297
3059654	298
3082665	299
3089212	300
3090210	301
3096244	302
3098722	303
3103292	304
3107623	305
3109315	306
3123481	307
3126145	308
3130649	309
3137007	310
3143236	311
3145388	312
3145595	313
3148826	314
3151665	315
3155540	316
3156194	317
3159299	318
3166620	319
3174826	320
3178253	321
3187328	322
3188749	323
3190458	324
3197019	325
3197196	326
3204111	327
3207280	328
3223138	329
3224944	330
3227423	331
3235071	332
3236261	333
3239305	334
3242046	335
3245519	336
3246492	337
3254237	338
3258466	339
3259960	340
3260365	341
3264644	342
3268882	343
3272251	344
3278164	345
3288185	346
3288496	347
3301827	348
3304300	349
3306178	350
3307035	351
3313426	352
3323773	353
3325406	354
3331435	355
3332579	356
3336418	357
3341302	358
3348005	359
3350590	360
3351037	361
3358152	362
3368891	363
3381066	364
3381597	365
3385917	366
3393602	367
3395309	368
3396181	369
3397462	370
3397619	371
3399335	372
3399549	373
3400455	374
3402394	375
3403573	376
3413968	377
3418154	378
3426972	379
3430090	380
3430713	381
3432839	382
3439425	383
3441726	384
3444522	385
3457764	386
3458111	387
3461394	388
3463691	389
3465534	390
3466671	391
3471064	392
3473393	393
3474378	394
3474887	395
3478037	396
3478587	397
3480049	398
3489485	399
3489860	400
3498867	401
3500473	402
3503073	403
3509849	404
3515958	405
3520945	406
3524870	407
3533556	408
3548400	409
3555736	410
3557285	411
3558288	412
3564201	413
3570019	414
3571079	415
3574952	416
3576540	417
3581547	418
3583821	419
3595726	420
3599876	421
3603648	422
3605458	423
3608920	424
3613702	425
3615448	426
3616893	427
3619631	428
3620016	429
3625906	430
3627904	431
3628128	432
3628554	433
3628938	434
3631665	435
3649737	436
3652631	437
3660796	438
3663253	439
3664630	440
3664659	441
3670716	442
3672275	443
3680137	444
3687335	445
3688209	446
3694683	447
3695869	448
3703010	449
3711115	450
3716724	451
3734318	452
3734987	453
3742456	454
3755492	455
3755614	456
3767277	457
3767609	458
3768204	459
3776652	460
3784080	461
3789291	462
3789622	463
3789789	464
3794696	465
3794921	466
3796723	467
3798260	468
3800889	469
3801391	470
3804353	471
3815094	472
3822700	473
3831644	474
3836289	475
3837198	476
3842093	477
3846576	478
3856092	479
3870766	480
3873307	481
3888019	482
3889481	483
3894509	484
3899270	485
3926269	486
3927713	487
3933229	488
3952951	489
3955952	490
3960795	491
3961563	492
3961662	493
3975796	494
3979635	495
3988284	496
3991313	497
3997763	498
3998103	499
4008983	500
4011470	501
4021036	502
4025188	503
4028212	504
4032296	505
4034548	506
4040048	507
4078927	508
4081624	509
4081747	510
4087599	511
4108563	512
4112590	513
4113263	514
4115698	515
4116834	516
4127879	517
4129727	518
4144771	519
4146779	520
4151936	521
4154850	522
4156146	523
4166131	524
4175289	525
4176518	526
4181235	527
4183883	528
4209678	529
4213883	530
4221137	531
4221201	532
4234911	533
4241250	534
4245290	535
4245348	536
4256404	537
4258244	538
4258669	539
4261363	540
4272616	541
4272732	542
4294882	543
4296006	544
4298951	545
4302538	546
4302833	547
4316779	548
4325258	549
4339278	550
4341877	551
4354198	552
4357192	553
4358592	554
4366063	555
4367360	556
4377536	557
4380245	558
4382100	559
4387327	560
4391858	561
4401240	562
4408155	563
4409523	564
4416630	565
4421708	566
4423444	567
4432320	568
4436097	569
4438583	570
4442715	571
4447744	572
4458248	573
4459072	574
4459554	575
4473133	576
4483739	577
4484499	578
4513220	579
4513765	580
4513833	581
4515577	582
4520742	583
4525586	584
4526849	585
4527233	586
4530700	587
4535029	588
4536882	589
4537245	590
4539782	591
4540727	592
4542667	593
4551362	594
4551617	595
4555234	596
4567404	597
4573806	598
4574715	599
4575581	600
4578864	601
4581511	602
4590174	603
4593954	604
4596784	605
4597837	606
4598733	607
4602724	608
4603539	609
4606112	610
4612124	611
4620306	612
4620850	613
4628088	614
4630313	615
4630434	616
4630834	617
4637039	618
4638772	619
4646457	620
4647356	621
4656680	622
4661596	623
4666391	624
4670121	625
4670165	626
4674086	627
4699785	628
4701048	629
4701098	630
4701553	631
4714408	632
4723018	633
4727806	634
4729271	635
4729661	636
4734473	637
4734952	638
4735072	639
4737302	640
4738396	641
4738898	642
4741243	643
4744310	644
4749851	645
4750784	646
4751474	647
4755950	648
4761064	649
4768796	650
4778372	651
4779376	652
4783959	653
4786976	654
4788141	655
4790932	656
4794377	657
4796492	658
4808645	659
4813781	660
4829228	661
4833239	662
4839509	663
4839688	664
4841526	665
4845805	666
4846168	667
4850129	668
4850987	669
4851034	670
4854237	671
4862107	672
4864154	673
4868498	674
4879614	675
4889197	676
4893733	677
4893768	678
4895495	679
4896748	680
4907521	681
4910713	682
4920919	683
4921567	684
4922330	685
4927740	686
4929065	687
4935226	688
4936240	689
4942248	690
4946294	691
4948952	692
4951774	693
4965072	694
4970728	695
4971314	696
4972880	697
4976524	698
4981729	699
4982094	700
4987823	701
4996019	702
4996094	703
4997029	704
4997451	705
5006018	706
5009412	707
5011194	708
5014487	709
5014580	710
5017275	711
5020419	712
5023065	713
5025424	714
5049899	715
5050053	716
5051020	717
5051853	718
5060760	719
5061342	720
5063427	721
5066259	722
5069700	723
5070886	724
5078214	725
5080003	726
5081703	727
5092093	728
5093626	729
5094333	730
5095035	731
5100223	732
5101913	733
5111554	734
5116338	735
5118555	736
5122321	737
5129603	738
5136058	739
5150292	740
5152733	741
5159690	742
5171502	743
5173056	744
5174838	745
5182648	746
5193129	747
5193674	748
5195747	749
5199231	750
5204658	751
5210514	752
5218993	753
5224418	754
5228326	755
5243855	756
5245974	757
5253398	758
5258794	759
5260579	760
5260729	761
5266094	762
5266830	763
5269802	764
5270303	765
5272074	766
5278002	767
5279110	768
5280379	769
5280460	770
5283097	771
5284715	772
5285443	773
5295113	774
5295817	775
5302821	776
5303393	777
5304663	778
5305220	779
5308827	780
5309017	781
5310550	782
5313244	783
5321331	784
5325588	785
5329116	786
5329154	787
5329562	788
5332001	789
5333230	790
5337414	791
5338932	792
5342708	793
5344158	794
5346479	795
5347983	796
5353462	797
5354508	798
5360009	799
5362154	800
5367368	801
5371950	802
5376986	803
5377163	804
5390894	805
5393478	806
5402579	807
5406550	808
5410599	809
5419456	810
5424589	811
5426684	812
5428675	813
5428832	814
5434860	815
5437876	816
5438297	817
5443242	818
5445354	819
5448364	820
5448401	821
5456426	822
5458232	823
5459640	824
5460898	825
5462659	826
5467355	827
5473298	828
5480507	829
5482664	830
5483572	831
5486219	832
5487434	833
5489275	834
5502042	835
5507553	836
5509062	837
5514454	838
5515468	839
5517690	840
5518864	841
5525906	842
5527020	843
5529506	844
5530441	845
5535572	846
5535981	847
5544243	848
5545475	849
5548201	850
5549202	851
5554469	852
5556438	853
5564466	854
5566643	855
5570800	856
5571371	857
5571403	858
5572445	859
5575276	860
5577236	861
5583704	862
5592666	863
5593717	864
5602673	865
5603061	866
5604823	867
5607003	868
5610519	869
5618885	870
5633474	871
5634487	872
5635090	873
5637943	874
5649599	875
5655956	876
5657362	877
5659917	878
5663568	879
5668683	880
5686898	881
5688508	882
5691391	883
5691970	884
5694855	885
5698513	886
5704661	887
5705953	888
5706298	889
5714922	890
5723188	891
5732935	892
5733524	893
5736475	894
5737318	895
5737326	896
5740451	897
5749837	898
5751675	899
5754379	900
5771893	901
5773732	902
5775038	903
5779194	904
5787806	905
5795961	906
5797813	907
5799529	908
5816319	909
5818144	910
5819584	911
5819955	912
5820002	913
5821219	914
5824614	915
5827837	916
5828903	917
5831902	918
5838916	919
5845628	920
5848739	921
5870224	922
5873157	923
5875933	924
5879390	925
5880437	926
5890972	927
5892381	928
5892803	929
5900282	930
5904176	931
5911970	932
5912398	933
5923339	934
5932412	935
5939172	936
5940116	937
5943487	938
5945844	939
5948440	940
5950163	941
5953568	942
5959467	943
5966231	944
5972601	945
5974173	946
5979178	947
5980412	948
5982809	949
5987155	950
5998309	951
6008312	952
6013515	953
6014325	954
6014346	955
6020497	956
6025200	957
6029934	958
6030905	959
6043449	960
6049808	961
6055480	962
6055833	963
6064299	964
6064623	965
6064942	966
6068470	967
6081937	968
6085375	969
6103700	970
6113062	971
6118151	972
6120670	973
6122583	974
6122969	975
6125665	976
6126800	977
6127317	978
6129160	979
6132311	980
6134021	981
6136271	982
6138998	983
6139613	984
6146301	985
6151923	986
6157152	987
6158275	988
6159111	989
6160625	990
6168263	991
6170383	992
6174161	993
6174816	994
6178757	995
6180514	996
6182958	997
6185296	998
6188406	999
6191108	1000
6195230	1001
6199796	1002
6206555	1003
6213894	1004
6215924	1005
6219440	1006
6219607	1007
6227973	1008
6230012	1009
6234254	1010
6241091	1011
6244099	1012
6255575	1013
6261389	1014
6262228	1015
6266672	1016
6267268	1017
6267506	1018
6270361	1019
6279741	1020
6294182	1021
6304123	1022
6306252	1023
6309920	1024
6312441	1025
6322976	1026
6337739	1027
6354859	1028
6354986	1029
6361582	1030
6363147	1031
6367098	1032
6367988	1033
6367995	1034
6379455	1035
6380812	1036
6384880	1037
6386267	1038
6387903	1039
6392684	1040
6398204	1041
6398525	1042
6410553	1043
6411451	1044
6412515	1045
6418881	1046
6422083	1047
6426809	1048
6438339	1049
6444079	1050
6445021	1051
6448013	1052
6454478	1053
6472144	1054
6473142	1055
6480542	1056
6482475	1057
6496755	1058
6499648	1059
6502039	1060
6504385	1061
6504926	1062
6506026	1063
6511558	1064
6523140	1065
6545772	1066
6549540	1067
6566712	1068
6571510	1069
6575213	1070
6578935	1071
6586125	1072
6597365	1073
6617455	1074
6617508	1075
6619551	1076
6627491	1077
6636433	1078
6641327	1079
6653912	1080
6656548	1081
6664435	1082
6668359	1083
6678083	1084
6678765	1085
6698074	1086
6705855	1087
6708343	1088
6735610	1089
6738756	1090
6741210	1091
6754411	1092
6756818	1093
6773937	1094
6775984	1095
6787241	1096
6788206	1097
6788540	1098
6794287	1099
6796737	1100
6803447	1101
6804052	1102
6823315	1103
6825944	1104
6842032	1105
6844209	1106
6855473	1107
6857980	1108
6861374	1109
6870153	1110
6874863	1111
6875830	1112
6880995	1113
6897149	1114
6914889	1115
6915772	1116
6916046	1117
6918814	1118
6930573	1119
6946347	1120
6951312	1121
6953451	1122
6955283	1123
6960800	1124
6963662	1125
6973609	1126
6978019	1127
6984395	1128
6984589	1129
6985275	1130
6985948	1131
6987526	1132
6992664	1133
7002941	1134
7004146	1135
7013370	1136
7015216	1137
7025907	1138
7026348	1139
7035240	1140
7050413	1141
7054082	1142
7055114	1143
7060075	1144
7063993	1145
7080246	1146
7111881	1147
7132348	1148
7133016	1149
7138659	1150
7140234	1151
7142980	1152
7153164	1153
7157289	1154
7166903	1155
7171618	1156
7186183	1157
7187924	1158
7196462	1159
7196552	1160
7200187	1161
7206805	1162
7213595	1163
7214512	1164
7216579	1165
7221204	1166
7223948	1167
7227267	1168
7231379	1169
7231441	1170
7239403	1171
7240746	1172
7251666	1173
7254362	1174
7264988	1175
7267990	1176
7268182	1177
7274774	1178
7277276	1179
7278831	1180
7281033	1181
7286116	1182
7297731	1183
7301004	1184
7321199	1185
7328123	1186
7335723	1187
7343776	1188
7343795	1189
7343854	1190
7346506	1191
7353350	1192
7353835	1193
7359024	1194
7378762	1195
7392353	1196
7399169	1197
7404637	1198
7415754	1199
7417628	1200
7436168	1201
7437851	1202
7441047	1203
7473788	1204
7535823	1205
7535911	1206
7543918	1207
7549597	1208
7558809	1209
7563475	1210
7569475	1211
7569744	1212
7571797	1213
7575716	1214
7577332	1215
7582599	1216
7592642	1217
7599594	1218
7607335	1219
7612050	1220
7613158	1221
7613189	1222
7617683	1223
7629019	1224
7632630	1225
7633789	1226
7636471	1227
7653788	1228
7656895	1229
7665129	1230
7665166	1231
7674192	1232
7685887	1233
7692466	1234
7694630	1235
7703334	1236
7704777	1237
7706337	1238
7710411	1239
7712964	1240
7713532	1241
7719992	1242
7720234	1243
7733019	1244
7780364	1245
7781139	1246
7788856	1247
7802243	1248
7804059	1249
7807839	1250
7812662	1251
7813133	1252
7835995	1253
7841641	1254
7851982	1255
7854598	1256
7858376	1257
7859221	1258
7864784	1259
7867337	1260
7869989	1261
7871825	1262
7873013	1263
7877317	1264
7880512	1265
7882084	1266
7883769	1267
7884158	1268
7887098	1269
7889220	1270
7891836	1271
7895178	1272
7911354	1273
7923436	1274
7923562	1275
7926215	1276
7926842	1277
7928396	1278
7942477	1279
7947848	1280
7954479	1281
7958555	1282
7972651	1283
7975348	1284
7976482	1285
7977148	1286
7977794	1287
7980270	1288
7983602	1289
7991840	1290
7995240	1291
7996093	1292
7996631	1293
8000005	1294
8021575	1295
8022861	1296
8043610	1297
8049814	1298
8052371	1299
8058019	1300
8061922	1301
8063085	1302
8066919	1303
8069276	1304
8069831	1305
8074009	1306
8091537	1307
8099056	1308
8099267	1309
8104697	1310
8112175	1311
8115753	1312
8120165	1313
8125801	1314
8128206	1315
8136294	1316
8143398	1317
8147256	1318
8156389	1319
8158419	1320
8160755	1321
8162392	1322
8165324	1323
8167757	1324
8171589	1325
8176144	1326
8176772	1327
8176817	1328
8176940	1329
8177245	1330
8185541	1331
8192944	1332
8207648	1333
8233695	1334
8236395	1335
8239783	1336
8260485	1337
8268780	1338
8273447	1339
8296885	1340
8296946	1341
8299173	1342
8306009	1343
8323354	1344
8324310	1345
8326046	1346
8345204	1347
8364244	1348
8366635	1349
8376741	1350
8377701	1351
8387490	1352
8394814	1353
8400743	1354
8405366	1355
8414111	1356
8416296	1357
8416342	1358
8433866	1359
8439008	1360
8439328	1361
8449607	1362
8451760	1363
8458576	1364
8459217	1365
8471524	1366
8482260	1367
8482968	1368
8484926	1369
8495562	1370
8498689	1371
8507918	1372
8532024	1373
8537662	1374
8541241	1375
8543491	1376
8548600	1377
8553110	1378
8553147	1379
8559041	1380
8572294	1381
8576190	1382
8576198	1383
8583296	1384
8586180	1385
8590058	1386
8600739	1387
8604483	1388
8610675	1389
8614098	1390
8615011	1391
8630629	1392
8637991	1393
8646008	1394
8647321	1395
8652883	1396
8656429	1397
8662360	1398
8664343	1399
8666227	1400
8677858	1401
8685188	1402
8692632	1403
8695680	1404
8706080	1405
8708455	1406
8708511	1407
8710515	1408
8724043	1409
8728938	1410
8733065	1411
8736242	1412
8742515	1413
8742997	1414
8746533	1415
8747576	1416
8748895	1417
8752690	1418
8755219	1419
8762582	1420
8777452	1421
8790311	1422
8790512	1423
8790654	1424
8793085	1425
8793449	1426
8795438	1427
8797596	1428
8799717	1429
8801241	1430
8808765	1431
8810253	1432
8810589	1433
8812143	1434
8813091	1435
8821950	1436
8832481	1437
8856168	1438
8856533	1439
8859093	1440
8868468	1441
8889471	1442
8889537	1443
8890887	1444
8909683	1445
8914251	1446
8919594	1447
8926629	1448
8932600	1449
8937554	1450
8941731	1451
8942245	1452
8944042	1453
8951814	1454
8964741	1455
8971680	1456
8985317	1457
8989144	1458
8992416	1459
9000603	1460
9017291	1461
9019961	1462
9024412	1463
9027470	1464
9029468	1465
9035146	1466
9039619	1467
9060655	1468
9063427	1469
9068556	1470
9085838	1471
9087534	1472
9106243	1473
9110165	1474
9114711	1475
9114933	1476
9127610	1477
9132904	1478
9145069	1479
9149110	1480
9150930	1481
9166046	1482
9167678	1483
9168992	1484
9177460	1485
9178381	1486
9186177	1487
9194110	1488
9200843	1489
9216087	1490
9226910	1491
9238938	1492
9239245	1493
9239366	1494
9254231	1495
9277744	1496
9278212	1497
9278351	1498
9284607	1499
9285035	1500
9295347	1501
9303053	1502
9307983	1503
9308081	1504
9312684	1505
9314164	1506
9317152	1507
9320158	1508
9323212	1509
9327685	1510
9329060	1511
9331127	1512
9342714	1513
9348058	1514
9348645	1515
9354910	1516
9362434	1517
9362876	1518
9374605	1519
9378408	1520
9385639	1521
9386186	1522
9395773	1523
9397579	1524
9413267	1525
9418109	1526
9418596	1527
9423480	1528
9423850	1529
9427317	1530
9429527	1531
9443294	1532
9444321	1533
9451212	1534
9454105	1535
9457484	1536
9461081	1537
9462483	1538
9469086	1539
9484493	1540
9486839	1541
9490783	1542
9523193	1543
9524141	1544
9533363	1545
9536334	1546
9546474	1547
9552431	1548
9554942	1549
9556895	1550
9559661	1551
9615501	1552
9632418	1553
9644506	1554
9653444	1555
9662719	1556
9685640	1557
9690768	1558
9698827	1559
9705464	1560
9709098	1561
9716135	1562
9728517	1563
9729936	1564
9747744	1565
9748111	1566
9756788	1567
9757687	1568
9759573	1569
9767262	1570
9774973	1571
9786855	1572
9787127	1573
9788638	1574
9791341	1575
9792835	1576
9808039	1577
9811903	1578
9818864	1579
9824051	1580
9834720	1581
9835719	1582
9841168	1583
9845860	1584
9849492	1585
9866101	1586
9868379	1587
9885748	1588
9888488	1589
9892062	1590
9897158	1591
9902293	1592
9903029	1593
9910211	1594
9911751	1595
9930040	1596
9938243	1597
9938820	1598
9950917	1599
9955980	1600
9962427	1601
9967352	1602
9969005	1603
9986504	1604
9987052	1605
10009482	1606
10019568	1607
10025948	1608
10026004	1609
10030747	1610
10031599	1611
10031641	1612
10046857	1613
10049597	1614
10053550	1615
10067398	1616
10080566	1617
10084850	1618
10113848	1619
10126678	1620
10131595	1621
10137159	1622
10144757	1623
10146116	1624
10190750	1625
10201685	1626
10205459	1627
10208037	1628
10209345	1629
10213204	1630
10232643	1631
10242776	1632
10255145	1633
10255793	1634
10259739	1635
10263413	1636
10263779	1637
10271125	1638
10282392	1639
10286236	1640
10292940	1641
10305118	1642
10309754	1643
10316808	1644
10316978	1645
10317771	1646
10326405	1647
10327490	1648
10335983	1649
10338243	1650
10338786	1651
10345736	1652
10355092	1653
10355579	1654
10367110	1655
10373475	1656
10379720	1657
10382156	1658
10382559	1659
10382754	1660
10386404	1661
10396387	1662
10396897	1663
10400549	1664
10406196	1665
10413494	1666
10416635	1667
10418362	1668
10418767	1669
10419623	1670
10424427	1671
10425448	1672
10425873	1673
10433472	1674
10436342	1675
10437882	1676
10440681	1677
10444228	1678
10446320	1679
10452108	1680
10455208	1681
10458428	1682
10472087	1683
10472880	1684
10478649	1685
10479279	1686
10480575	1687
10480939	1688
10485827	1689
10492907	1690
10513522	1691
10525792	1692
10544181	1693
10548905	1694
10549391	1695
10555048	1696
10567041	1697
10597659	1698
10600912	1699
10605224	1700
10609531	1701
10610084	1702
10624844	1703
10627154	1704
10629768	1705
10634195	1706
10635385	1707
10643777	1708
10645698	1709
10653764	1710
10657000	1711
10660521	1712
10670390	1713
10671657	1714
10674038	1715
10676255	1716
10681947	1717
10686756	1718
10688454	1719
10698065	1720
10700418	1721
10701214	1722
10706893	1723
10710247	1724
10717392	1725
10722434	1726
10723948	1727
10737613	1728
10744133	1729
10756653	1730
10776596	1731
10785907	1732
10808523	1733
10809267	1734
10811787	1735
10819889	1736
10830565	1737
10840258	1738
10844367	1739
10855692	1740
10856669	1741
10863903	1742
10868740	1743
10878312	1744
10884902	1745
10886518	1746
10888333	1747
10888614	1748
10894379	1749
10898858	1750
10900730	1751
10900877	1752
10924220	1753
10932093	1754
10940172	1755
10940639	1756
10978480	1757
10980926	1758
10989993	1759
10992250	1760
11009458	1761
11022676	1762
11044625	1763
11047417	1764
11052334	1765
11055302	1766
11055803	1767
11058737	1768
11061630	1769
11066349	1770
11068360	1771
11072659	1772
11072669	1773
11073590	1774
11092087	1775
11113679	1776
11119631	1777
11121987	1778
11127575	1779
11144481	1780
11150283	1781
11163870	1782
11164940	1783
11178832	1784
11181061	1785
11187527	1786
11192508	1787
11193476	1788
11200920	1789
11202364	1790
11205295	1791
11207709	1792
11219981	1793
11221012	1794
11233123	1795
11242927	1796
11247022	1797
11248367	1798
11256179	1799
11269639	1800
11275765	1801
11313815	1802
11315730	1803
11317783	1804
11330440	1805
11345534	1806
11346510	1807
11347080	1808
11363234	1809
11367092	1810
11373109	1811
11377057	1812
11381182	1813
11424606	1814
11430050	1815
11431230	1816
11445502	1817
11456444	1818
11458254	1819
11466912	1820
11468114	1821
11480162	1822
11508295	1823
11513265	1824
11516373	1825
11517030	1826
11535767	1827
11541773	1828
11559496	1829
11577005	1830
11579147	1831
11580386	1832
11602082	1833
11609813	1834
11613519	1835
11616430	1836
11622919	1837
11626533	1838
11633482	1839
11644967	1840
11655270	1841
11655886	1842
11661385	1843
11661754	1844
11669844	1845
11680821	1846
11681463	1847
11691262	1848
11693759	1849
11724818	1850
11736960	1851
11740890	1852
11759015	1853
11781030	1854
11788491	1855
11810750	1856
11811105	1857
11815209	1858
11819149	1859
11823351	1860
11825204	1861
11828750	1862
11838174	1863
11839601	1864
11845109	1865
11850262	1866
11857868	1867
11883139	1868
11884177	1869
11892980	1870
11916981	1871
11920850	1872
11924005	1873
11935787	1874
11943990	1875
11958148	1876
11969358	1877
12018717	1878
12030402	1879
12042038	1880
12043444	1881
12044719	1882
12049268	1883
12049963	1884
12072999	1885
12078056	1886
12095057	1887
12100748	1888
12109824	1889
12121349	1890
12129111	1891
12135499	1892
12141887	1893
12148239	1894
12159497	1895
12177752	1896
12184246	1897
12190720	1898
12191762	1899
12193340	1900
12199006	1901
12211838	1902
12213992	1903
12236795	1904
12252084	1905
12270698	1906
12279005	1907
12280213	1908
12280917	1909
12305135	1910
12309483	1911
12312859	1912
12344138	1913
12345994	1914
12353721	1915
12364805	1916
12366425	1917
12366431	1918
12373741	1919
12374721	1920
12392785	1921
12403658	1922
12405551	1923
12419187	1924
12431519	1925
12437132	1926
12438107	1927
12441391	1928
12441907	1929
12442274	1930
12449203	1931
12490932	1932
12491338	1933
12508759	1934
12542931	1935
12548303	1936
12553690	1937
12562650	1938
12600817	1939
12605294	1940
12608018	1941
12633135	1942
12657044	1943
12669836	1944
12681293	1945
12682937	1946
12691623	1947
12701326	1948
12709610	1949
12709840	1950
12724156	1951
12724638	1952
12730813	1953
12752026	1954
12770421	1955
12773706	1956
12792676	1957
12802355	1958
12828499	1959
12842776	1960
12844271	1961
12848152	1962
12852137	1963
12854292	1964
12862424	1965
12868676	1966
12880910	1967
12896210	1968
12904455	1969
12928419	1970
12935251	1971
12939044	1972
12950596	1973
12951794	1974
12960743	1975
12960776	1976
12966633	1977
12975728	1978
12980590	1979
12987728	1980
13000062	1981
13008781	1982
13022161	1983
13030893	1984
13035347	1985
13040422	1986
13041460	1987
13063299	1988
13067987	1989
13069095	1990
13070174	1991
13091927	1992
13096346	1993
13107335	1994
13113238	1995
13120311	1996
13136809	1997
13138949	1998
13176331	1999
13187430	2000
13225494	2001
13254134	2002
13263488	2003
13274002	2004
13277707	2005
13277770	2006
13285263	2007
13288391	2008
13291586	2009
13294100	2010
13294804	2011
13305160	2012
13305697	2013
13341454	2014
13344174	2015
13351441	2016
13353181	2017
13375345	2018
13417076	2019
13439948	2020
13444965	2021
13448050	2022
13469628	2023
13471412	2024
13480569	2025
13526918	2026
13542335	2027
13550637	2028
13579593	2029
13587690	2030
13593686	2031
13595416	2032
13600916	2033
13613092	2034
13614275	2035
13629843	2036
13635457	2037
13639824	2038
13641238	2039
13652473	2040
13655063	2041
13675341	2042
13701585	2043
13705709	2044
13725104	2045
13728711	2046
13732425	2047
13732575	2048
13742447	2049
13745498	2050
13750804	2051
13754580	2052
13768188	2053
13770579	2054
13804551	2055
13806549	2056
13825117	2057
13829297	2058
13833494	2059
13838095	2060
13839343	2061
13844152	2062
13853649	2063
13868789	2064
13876752	2065
13882540	2066
13889005	2067
13890857	2068
13900075	2069
13908807	2070
13916668	2071
13926899	2072
13934588	2073
13945555	2074
13949794	2075
13952645	2076
13989047	2077
14012359	2078
14019044	2079
14022772	2080
14028031	2081
14030592	2082
14031991	2083
14040499	2084
14041598	2085
14080541	2086
14106918	2087
14117804	2088
14131128	2089
14143152	2090
14147629	2091
14156239	2092
14167493	2093
14167588	2094
14186113	2095
14193250	2096
14195070	2097
14204994	2098
14209179	2099
14213130	2100
14218734	2101
14229678	2102
14231645	2103
14237111	2104
14237684	2105
14240473	2106
14241663	2107
14254785	2108
14258251	2109
14265729	2110
14267682	2111
14277450	2112
14314499	2113
14315548	2114
14316142	2115
14332325	2116
14333822	2117
14335016	2118
14344998	2119
14345010	2120
14348882	2121
14361893	2122
14368697	2123
14370017	2124
14379311	2125
14389115	2126
14407133	2127
14407210	2128
14407900	2129
14419918	2130
14420385	2131
14429827	2132
14446802	2133
14450374	2134
14461662	2135
14466582	2136
14480015	2137
14503758	2138
14506007	2139
14521883	2140
14529032	2141
14537710	2142
14554380	2143
14565143	2144
14578071	2145
14580888	2146
14583323	2147
14591690	2148
14600181	2149
14647540	2150
14649240	2151
14653360	2152
14656105	2153
14657666	2154
14665159	2155
14675267	2156
14682038	2157
14690635	2158
14705480	2159
14706656	2160
14707578	2161
14709676	2162
14718956	2163
14721316	2164
14724664	2165
14730560	2166
14774992	2167
14796648	2168
14810974	2169
14815275	2170
14828534	2171
14831246	2172
14855249	2173
14869243	2174
14869304	2175
14871205	2176
14886579	2177
14886845	2178
14887814	2179
14888498	2180
14888529	2181
14929376	2182
14942262	2183
14975516	2184
14994284	2185
15000721	2186
15003307	2187
15019360	2188
15019980	2189
15023742	2190
15042948	2191
15046262	2192
15049455	2193
15076758	2194
15084517	2195
15088846	2196
15090559	2197
15091067	2198
15110560	2199
15120388	2200
15127474	2201
15151352	2202
15173073	2203
15179660	2204
15195842	2205
15196977	2206
15222191	2207
15223799	2208
15231868	2209
15269233	2210
15285286	2211
15288051	2212
15291477	2213
15301491	2214
15307955	2215
15310874	2216
15311493	2217
15317754	2218
15318365	2219
15324504	2220
15329100	2221
15358930	2222
15381702	2223
15396976	2224
15402166	2225
15415889	2226
15424710	2227
15435388	2228
15465723	2229
15471540	2230
15472218	2231
15487663	2232
15507088	2233
15507910	2234
15510454	2235
15538805	2236
15539504	2237
15541614	2238
15552131	2239
15566622	2240
15572058	2241
15591671	2242
15609486	2243
15613501	2244
15626065	2245
15636162	2246
15654239	2247
15659089	2248
15679057	2249
15684270	2250
15693210	2251
15693752	2252
15696847	2253
15699269	2254
15712634	2255
15725877	2256
15731536	2257
15734459	2258
15739176	2259
15778333	2260
15788462	2261
15789990	2262
15834604	2263
15847956	2264
15849244	2265
15858605	2266
15864271	2267
15867823	2268
15876110	2269
15884165	2270
15889294	2271
15911643	2272
15914619	2273
15915009	2274
15920258	2275
15923449	2276
15927011	2277
15950600	2278
15970457	2279
15971978	2280
15999286	2281
15999778	2282
16009811	2283
16015060	2284
16021318	2285
16043017	2286
16060451	2287
16072747	2288
16079172	2289
16087194	2290
16093305	2291
16119133	2292
16119311	2293
16126799	2294
16133963	2295
16135845	2296
16156558	2297
16159995	2298
16166818	2299
16194544	2300
16210686	2301
16223563	2302
16260340	2303
16269350	2304
16270462	2305
16287684	2306
16293046	2307
16308119	2308
16311176	2309
16313495	2310
16319222	2311
16332887	2312
16340082	2313
16343684	2314
16362468	2315
16375491	2316
16385164	2317
16400833	2318
16403760	2319
16412867	2320
16440815	2321
16460184	2322
16465682	2323
16562986	2324
16588938	2325
16591625	2326
16620845	2327
16622219	2328
16659474	2329
16721517	2330
16723888	2331
16726485	2332
16740731	2333
16747332	2334
16750047	2335
16770958	2336
16776605	2337
16794265	2338
16803861	2339
16805251	2340
16820906	2341
16849161	2342
16907010	2343
16908327	2344
16948502	2345
16965762	2346
16974766	2347
16976956	2348
17000079	2349
17004989	2350
17005170	2351
17035824	2352
17037207	2353
17065689	2354
17092303	2355
17094509	2356
17101270	2357
17118505	2358
17133048	2359
17147390	2360
17151300	2361
17168996	2362
17200326	2363
17219934	2364
17250557	2365
17262457	2366
17272211	2367
17294734	2368
17300169	2369
17311000	2370
17323450	2371
17336331	2372
17344026	2373
17394124	2374
17395920	2375
17410773	2376
17423962	2377
17426999	2378
17443204	2379
17443520	2380
17460675	2381
17475883	2382
17527220	2383
17534106	2384
17536136	2385
17539509	2386
17549171	2387
17603656	2388
17609997	2389
17622554	2390
17634835	2391
17648036	2392
17672879	2393
17675621	2394
17681456	2395
17704917	2396
17707628	2397
17712197	2398
17730162	2399
17773316	2400
17787527	2401
17792350	2402
17798529	2403
17805568	2404
17818667	2405
17836027	2406
17872357	2407
17884446	2408
17896034	2409
17898034	2410
17939010	2411
17971871	2412
17972420	2413
17975406	2414
17984303	2415
17986707	2416
17993016	2417
18020478	2418
18021560	2419
18023238	2420
18024628	2421
18038671	2422
18050324	2423
18074357	2424
18080440	2425
18098910	2426
18118647	2427
18132118	2428
18138523	2429
18139896	2430
18157628	2431
18159123	2432
18196048	2433
18197054	2434
18222258	2435
18232666	2436
18238604	2437
18244319	2438
18250112	2439
18280286	2440
18290863	2441
18305820	2442
18319039	2443
18325521	2444
18350904	2445
18354371	2446
18359066	2447
18370368	2448
18378455	2449
18404975	2450
18407818	2451
18416642	2452
18427809	2453
18433120	2454
18478179	2455
18482871	2456
18498855	2457
18499920	2458
18516987	2459
18541122	2460
18556633	2461
18567143	2462
18592148	2463
18597354	2464
18597786	2465
18607226	2466
18610889	2467
18627625	2468
18654310	2469
18654607	2470
18699070	2471
18701242	2472
18780822	2473
18787755	2474
18807557	2475
18847794	2476
18893500	2477
18896039	2478
18900186	2479
18932836	2480
18933148	2481
18936694	2482
18945367	2483
18960351	2484
18960900	2485
18988412	2486
19003657	2487
19005040	2488
19067514	2489
19067788	2490
19078903	2491
19086268	2492
19112585	2493
19134099	2494
19140219	2495
19141525	2496
19148514	2497
19178563	2498
19187701	2499
19190747	2500
19192269	2501
19197360	2502
19208366	2503
19238493	2504
19269412	2505
19277193	2506
19282587	2507
19304811	2508
19317518	2509
19329136	2510
19332851	2511
19333537	2512
19335230	2513
19336418	2514
19341372	2515
19349697	2516
19351706	2517
19364309	2518
19369360	2519
19389378	2520
19411752	2521
19427402	2522
19434409	2523
19441906	2524
19453511	2525
19461984	2526
19466046	2527
19498785	2528
19501445	2529
19515716	2530
19517839	2531
19523759	2532
19573863	2533
19574352	2534
19581196	2535
19598977	2536
19601168	2537
19614288	2538
19616913	2539
19620878	2540
19635452	2541
19643135	2542
19653390	2543
19673047	2544
19677139	2545
19680888	2546
19683600	2547
19690897	2548
19722726	2549
19732689	2550
19734547	2551
19738038	2552
19766507	2553
19778580	2554
19793950	2555
19800111	2556
19809183	2557
19814305	2558
19818898	2559
19820674	2560
19840309	2561
19853926	2562
19863307	2563
19868309	2564
19875479	2565
19895776	2566
19897848	2567
19901591	2568
19905079	2569
19916568	2570
19925081	2571
19936144	2572
19954741	2573
19957565	2574
19964722	2575
19968147	2576
19983846	2577
19987516	2578
20000904	2579
20012488	2580
20026775	2581
20059531	2582
20066432	2583
20067210	2584
20098267	2585
20137187	2586
20138318	2587
20146143	2588
20165192	2589
20193908	2590
20213200	2591
20225768	2592
20226006	2593
20249109	2594
20256632	2595
20274304	2596
20277598	2597
20287050	2598
20301606	2599
20306549	2600
20318709	2601
20318799	2602
20322918	2603
20337050	2604
20358724	2605
20375709	2606
20396719	2607
20421467	2608
20440471	2609
20452123	2610
20456087	2611
20471290	2612
20482734	2613
20504124	2614
20507514	2615
20512568	2616
20530217	2617
20537554	2618
20554955	2619
20600754	2620
20605643	2621
20607088	2622
20635426	2623
20640733	2624
20660203	2625
20670778	2626
20704386	2627
20706892	2628
20725471	2629
20737941	2630
20753688	2631
20755005	2632
20778718	2633
20803601	2634
20814025	2635
20821167	2636
20821393	2637
20823351	2638
20840891	2639
20844496	2640
20857385	2641
20859993	2642
20894066	2643
20917024	2644
20930656	2645
20935112	2646
20969959	2647
20978022	2648
20981536	2649
20995589	2650
21031636	2651
21055660	2652
21072247	2653
21090920	2654
21118136	2655
21124686	2656
21136659	2657
21148101	2658
21148287	2659
21153080	2660
21157136	2661
21157436	2662
21157672	2663
21200754	2664
21202018	2665
21214123	2666
21217726	2667
21218708	2668
21222903	2669
21225492	2670
21254692	2671
21286444	2672
21293881	2673
21294112	2674
21300748	2675
21322493	2676
21324902	2677
21335210	2678
21349889	2679
21360655	2680
21377176	2681
21386671	2682
21387141	2683
21401515	2684
21419707	2685
21443046	2686
21447458	2687
21464352	2688
21474841	2689
21480411	2690
21487089	2691
21494924	2692
21496629	2693
21526460	2694
21533023	2695
21539734	2696
21557890	2697
21571696	2698
21578140	2699
21596725	2700
21605858	2701
21611472	2702
21633096	2703
21652085	2704
21655303	2705
21656482	2706
21665399	2707
21690979	2708
21693988	2709
21694065	2710
21713315	2711
21713756	2712
21731120	2713
21732924	2714
21748346	2715
21753531	2716
21764355	2717
21778569	2718
21793434	2719
21799873	2720
21804008	2721
21820924	2722
21838424	2723
21849468	2724
21857088	2725
21870939	2726
21880315	2727
21888628	2728
21890318	2729
21891175	2730
21895234	2731
21897295	2732
21901713	2733
21910487	2734
21914521	2735
21915787	2736
21917460	2737
21918137	2738
21937251	2739
21947834	2740
21993785	2741
22010851	2742
22043834	2743
22097351	2744
22107188	2745
22108417	2746
22138241	2747
22156554	2748
22190561	2749
22201228	2750
22213101	2751
22213588	2752
22237998	2753
22254257	2754
22261081	2755
22262546	2756
22275362	2757
22276350	2758
22277612	2759
22283153	2760
22290471	2761
22352444	2762
22354542	2763
22378877	2764
22384058	2765
22386137	2766
22391894	2767
22409923	2768
22412996	2769
22424211	2770
22424781	2771
22425500	2772
22432618	2773
22447932	2774
22453645	2775
22460989	2776
22461284	2777
22474625	2778
22509622	2779
22528498	2780
22590664	2781
22599861	2782
22622703	2783
22625115	2784
22639480	2785
22655641	2786
22660832	2787
22674430	2788
22698364	2789
22707398	2790
22733557	2791
22745161	2792
22808801	2793
22839861	2794
22866290	2795
22870436	2796
23015272	2797
23030731	2798
23134000	2799
23135772	2800
23166284	2801
23230103	2802
23255035	2803
23285552	2804
23389760	2805
23406231	2806
23424292	2807
23432107	2808
23481622	2809
23503179	2810
23511418	2811
23514255	2812
23532454	2813
23579849	2814
23615325	2815
23628893	2816
23703379	2817
23726161	2818
23727268	2819
23728945	2820
23775280	2821
23818027	2822
23823517	2823
23848324	2824
23861296	2825
23862292	2826
23957263	2827
23962074	2828
24074182	2829
24088136	2830
24109485	2831
24208545	2832
24214479	2833
24223910	2834
24257008	2835
24276565	2836
24324865	2837
24336504	2838
24352081	2839
24388910	2840
24392785	2841
24394751	2842
24446417	2843
24458093	2844
24487868	2845
24521594	2846
24556643	2847
24563766	2848
24577416	2849
24580119	2850
24583048	2851
24595413	2852
24605139	2853
24649398	2854
24651625	2855
24670377	2856
24673565	2857
24687159	2858
24698129	2859
24700221	2860
24776951	2861
24828093	2862
24840998	2863
24847751	2864
24869068	2865
24906111	2866
24924710	2867
24925528	2868
24937311	2869
24944675	2870
24965655	2871
24970166	2872
25011646	2873
25044280	2874
25122718	2875
25139142	2876
25200792	2877
25207088	2878
25232808	2879
25267915	2880
25275343	2881
25277914	2882
25400978	2883
25416745	2884
25417125	2885
25424423	2886
25441124	2887
25445598	2888
25448334	2889
25460937	2890
25486943	2891
25491495	2892
25494300	2893
25502261	2894
25543096	2895
25549322	2896
25577343	2897
25587502	2898
25601588	2899
25610268	2900
25622835	2901
25633483	2902
25638616	2903
25650483	2904
25656971	2905
25664164	2906
25673536	2907
25686449	2908
25715244	2909
25716861	2910
25749413	2911
25750106	2912
25762347	2913
25793613	2914
25810471	2915
25812103	2916
25865602	2917
25867926	2918
25868125	2919
25871397	2920
25902669	2921
25908791	2922
25910265	2923
25924363	2924
25926654	2925
25927238	2926
25931631	2927
25968954	2928
25982569	2929
25988610	2930
26025119	2931
26026097	2932
26049047	2933
26068729	2934
26072989	2935
26078691	2936
26118606	2937
26140051	2938
26160113	2939
26178423	2940
26208074	2941
26209297	2942
26233967	2943
26236312	2944
26249065	2945
26302158	2946
26330210	2947
26351186	2948
26388163	2949
26392929	2950
26394391	2951
26406697	2952
26406967	2953
26411401	2954
26458898	2955
26466055	2956
26469228	2957
26472162	2958
26475538	2959
26476626	2960
26501064	2961
26528719	2962
26569732	2963
26575045	2964
26600932	2965
26605167	2966
26637552	2967
26654776	2968
26668631	2969
26675680	2970
26692492	2971
26702958	2972
26731109	2973
26776470	2974
26785463	2975
26788924	2976
26809480	2977
26825179	2978
26869347	2979
26871457	2980
26893549	2981
26912572	2982
26932346	2983
26937129	2984
26937716	2985
26971671	2986
26988848	2987
27019244	2988
27044456	2989
27047839	2990
27058134	2991
27061274	2992
27085235	2993
27096795	2994
27102564	2995
27106534	2996
27151801	2997
27162828	2998
27172034	2999
27174839	3000
27176069	3001
27201332	3002
27208324	3003
27268602	3004
27271724	3005
27277272	3006
27279195	3007
27304462	3008
27356012	3009
27365248	3010
27379027	3011
27387470	3012
27400029	3013
27415487	3014
27419635	3015
27429848	3016
27431224	3017
27442745	3018
27448809	3019
27451701	3020
27453179	3021
27453284	3022
27527890	3023
27541139	3024
27550188	3025
27555427	3026
27646044	3027
27684031	3028
27719299	3029
27760472	3030
27764252	3031
27764888	3032
27765272	3033
27774791	3034
27776677	3035
27791042	3036
27829271	3037
27830265	3038
27843279	3039
27844022	3040
27852225	3041
27854264	3042
27860896	3043
27890174	3044
27890561	3045
27900345	3046
27901015	3047
27926778	3048
27931584	3049
27951543	3050
27975108	3051
28009208	3052
28058677	3053
28062588	3054
28073332	3055
28082596	3056
28102716	3057
28126731	3058
28137745	3059
28158387	3060
28199305	3061
28237104	3062
28241638	3063
28295560	3064
28295756	3065
28316940	3066
28340086	3067
28366229	3068
28387538	3069
28400702	3070
28440692	3071
28449206	3072
28470992	3073
28480785	3074
28517536	3075
28535891	3076
28538432	3077
28568773	3078
28609926	3079
28628675	3080
28628859	3081
28635026	3082
28636230	3083
28639079	3084
28656397	3085
28673526	3086
28689531	3087
28705480	3088
28729735	3089
28731559	3090
28766710	3091
28774732	3092
28786248	3093
28788073	3094
28815383	3095
28826184	3096
28829948	3097
28861170	3098
28902248	3099
28923099	3100
28947731	3101
28952240	3102
28954422	3103
28967189	3104
28983291	3105
28990495	3106
28998197	3107
29014513	3108
29017351	3109
29043659	3110
29100960	3111
29147164	3112
29165218	3113
29169120	3114
29191406	3115
29206195	3116
29252068	3117
29252899	3118
29287512	3119
29292201	3120
29299294	3121
29306313	3122
29319499	3123
29320966	3124
29349669	3125
29351718	3126
29352077	3127
29374071	3128
29381935	3129
29397351	3130
29399911	3131
29401660	3132
29416682	3133
29430475	3134
29430678	3135
29432074	3136
29433659	3137
29437180	3138
29460570	3139
29506553	3140
29519869	3141
29531605	3142
29555342	3143
29565154	3144
29582533	3145
29598330	3146
29607215	3147
29634289	3148
29638330	3149
29638733	3150
29648576	3151
29666342	3152
29673388	3153
29684885	3154
29686086	3155
29699946	3156
29716934	3157
29719957	3158
29732554	3159
29764182	3160
29770697	3161
29786972	3162
29830618	3163
29879842	3164
29909186	3165
29910864	3166
29919163	3167
29940229	3168
29942401	3169
29945725	3170
29946712	3171
29951136	3172
29957402	3173
29964330	3174
29974465	3175
29991215	3176
30020104	3177
30020674	3178
30024811	3179
30032492	3180
30066943	3181
30071705	3182
30079326	3183
30090864	3184
30091960	3185
30092327	3186
30121167	3187
30140366	3188
30142966	3189
30156901	3190
30186586	3191
30189082	3192
30195581	3193
30195884	3194
30200182	3195
30228239	3196
30246408	3197
30248589	3198
30253527	3199
30274016	3200
30293156	3201
30331640	3202
30360025	3203
30363995	3204
30364431	3205
30369161	3206
30370198	3207
30420996	3208
30468857	3209
30502466	3210
30517737	3211
30526200	3212
30541067	3213
30543743	3214
30544472	3215
30559975	3216
30584909	3217
30596520	3218
30599963	3219
30613670	3220
30615580	3221
30626728	3222
30644144	3223
30653790	3224
30661792	3225
30676440	3226
30696153	3227
30729490	3228
30736795	3229
30756231	3230
30780785	3231
30793138	3232
30810399	3233
30834566	3234
30875830	3235
30876884	3236
30880269	3237
30885277	3238
30925010	3239
30925220	3240
30941757	3241
30968282	3242
30975301	3243
30975970	3244
30994908	3245
30999583	3246
30999637	3247
31006318	3248
31008567	3249
31040825	3250
31098035	3251
31130517	3252
31134298	3253
31138842	3254
31141384	3255
31173101	3256
31205627	3257
31214733	3258
31228633	3259
31235771	3260
31248237	3261
31255661	3262
31257400	3263
31299754	3264
31317736	3265
31320761	3266
31340362	3267
31352772	3268
31354446	3269
31363876	3270
31365546	3271
31372740	3272
31383586	3273
31388198	3274
31398975	3275
31431996	3276
31479539	3277
31494112	3278
31498333	3279
31538726	3280
31543523	3281
31594073	3282
31596616	3283
31596797	3284
31622892	3285
31658764	3286
31672927	3287
31679002	3288
31683665	3289
31701571	3290
31709952	3291
31715345	3292
31732184	3293
31733234	3294
31743018	3295
31765012	3296
31770722	3297
31790177	3298
31866473	3299
31875860	3300
31898903	3301
31924773	3302
31942542	3303
31951388	3304
31965921	3305
31978055	3306
31990407	3307
32000065	3308
32003698	3309
32026036	3310
32028736	3311
32038215	3312
32044357	3313
32068618	3314
32076576	3315
32085069	3316
32090733	3317
32100393	3318
32152459	3319
32155901	3320
32199377	3321
32207059	3322
32219446	3323
32223454	3324
32227013	3325
32249430	3326
32249764	3327
32252242	3328
32260647	3329
32264158	3330
32264557	3331
32273986	3332
32274401	3333
32287490	3334
32304237	3335
32306845	3336
32310186	3337
32341324	3338
32350368	3339
32353332	3340
32359746	3341
32377443	3342
32388254	3343
32391794	3344
32394297	3345
32419210	3346
32429574	3347
32431089	3348
32459788	3349
32468040	3350
32501419	3351
32504999	3352
32506472	3353
32510785	3354
32514609	3355
32558917	3356
32565618	3357
32568758	3358
32582419	3359
32626004	3360
32641470	3361
32656552	3362
32667481	3363
32674332	3364
32739103	3365
32746131	3366
32787277	3367
32801967	3368
32807071	3369
32831410	3370
32894889	3371
32936519	3372
32939455	3373
32945882	3374
32953623	3375
32957882	3376
32959834	3377
32970329	3378
32987739	3379
33016322	3380
33049709	3381
33053226	3382
33081992	3383
33097872	3384
33125810	3385
33128865	3386
33130576	3387
33133114	3388
33133255	3389
33139801	3390
33141024	3391
33145500	3392
33149082	3393
33154217	3394
33164644	3395
33188935	3396
33235041	3397
33249153	3398
33269271	3399
33298919	3400
33305405	3401
33319920	3402
33326122	3403
33332816	3404
33354766	3405
33374758	3406
33445178	3407
33464152	3408
33464382	3409
33473930	3410
33492043	3411
33512312	3412
33520794	3413
33528083	3414
33531876	3415
33541032	3416
33546934	3417
33624110	3418
33634412	3419
33638122	3420
33644585	3421
33652023	3422
33656393	3423
33656524	3424
33657112	3425
33680615	3426
33682879	3427
33686145	3428
33702149	3429
33710490	3430
33720364	3431
33724726	3432
33724809	3433
33739929	3434
33745136	3435
33765274	3436
33772036	3437
33781620	3438
33818117	3439
33830477	3440
33832971	3441
33865981	3442
33878035	3443
33888128	3444
33901683	3445
33911770	3446
33913261	3447
33916039	3448
33922471	3449
33926322	3450
33931833	3451
33948720	3452
33951743	3453
33952274	3454
33958950	3455
33963861	3456
33974278	3457
33982568	3458
33984961	3459
33993412	3460
34008833	3461
34011745	3462
34034198	3463
34036677	3464
34040775	3465
34043586	3466
34044669	3467
34064685	3468
34073042	3469
34088988	3470
34129849	3471
34130369	3472
34132820	3473
34132834	3474
34133982	3475
34135963	3476
34159890	3477
34166434	3478
34190951	3479
34201238	3480
34226598	3481
34228841	3482
34243977	3483
34259950	3484
34261225	3485
34266667	3486
34295318	3487
34339784	3488
34357803	3489
34358807	3490
34378476	3491
34386686	3492
34408690	3493
34409496	3494
34430266	3495
34470098	3496
34480817	3497
34497012	3498
34508499	3499
34509908	3500
34524614	3501
34529735	3502
34543686	3503
34544942	3504
34593799	3505
34594515	3506
34604130	3507
34619297	3508
34648657	3509
34653493	3510
34662107	3511
34664500	3512
34670522	3513
34674442	3514
34684898	3515
34713413	3516
34717261	3517
34722627	3518
34755359	3519
34773651	3520
34776955	3521
34802094	3522
34814219	3523
34831275	3524
34835827	3525
34880555	3526
34938353	3527
34983920	3528
34990928	3529
35010687	3530
35012159	3531
35028740	3532
35043984	3533
35050606	3534
35072839	3535
35074632	3536
35081559	3537
35092357	3538
35114367	3539
35117692	3540
35123841	3541
35143379	3542
35145686	3543
35148132	3544
35162970	3545
35170102	3546
35185836	3547
35197093	3548
35202633	3549
35209168	3550
35228698	3551
35228896	3552
35238477	3553
35241563	3554
35257857	3555
35261595	3556
35267737	3557
35275899	3558
35276887	3559
35302485	3560
35312160	3561
35361081	3562
35361373	3563
35363657	3564
35407581	3565
35417838	3566
35448758	3567
35451819	3568
35500788	3569
35505744	3570
35515464	3571
35525455	3572
35533570	3573
35536372	3574
35537146	3575
35544092	3576
35568583	3577
35587242	3578
35590045	3579
35623684	3580
35629638	3581
35690295	3582
35695013	3583
35734491	3584
35761203	3585
35786658	3586
35809113	3587
35813077	3588
35827387	3589
35898055	3590
35919489	3591
35929096	3592
35931923	3593
35943910	3594
35944874	3595
35961007	3596
35961025	3597
35971249	3598
36003674	3599
36011307	3600
36011493	3601
36017998	3602
36052191	3603
36053459	3604
36065610	3605
36070945	3606
36084672	3607
36092716	3608
36100346	3609
36104019	3610
36142815	3611
36189267	3612
36192007	3613
36214239	3614
36220499	3615
36226445	3616
36230870	3617
36231145	3618
36245205	3619
36247476	3620
36248845	3621
36254405	3622
36302105	3623
36314007	3624
36332252	3625
36341610	3626
36354763	3627
36365953	3628
36393336	3629
36398884	3630
36403398	3631
36403786	3632
36456696	3633
36467356	3634
36471458	3635
36485381	3636
36494453	3637
36498454	3638
36503883	3639
36505379	3640
36507594	3641
36513433	3642
36517658	3643
36553447	3644
36577656	3645
36647947	3646
36708275	3647
36728999	3648
36732243	3649
36785723	3650
36797741	3651
36810219	3652
36871252	3653
36898821	3654
36908236	3655
36929667	3656
36941927	3657
36944164	3658
36963045	3659
36977529	3660
37051704	3661
37079436	3662
37106065	3663
37115730	3664
37116542	3665
37142984	3666
37166242	3667
37169788	3668
37172898	3669
37182345	3670
37192212	3671
37210634	3672
37214414	3673
37219629	3674
37221238	3675
37243428	3676
37266311	3677
37267106	3678
37271238	3679
37285221	3680
37336394	3681
37338949	3682
37411138	3683
37413117	3684
37435017	3685
37437080	3686
37439628	3687
37448288	3688
37470119	3689
37480530	3690
37492660	3691
37493290	3692
37508805	3693
37550979	3694
37551016	3695
37567206	3696
37575573	3697
37591139	3698
37593111	3699
37600992	3700
37608715	3701
37654718	3702
37735259	3703
37745717	3704
37757177	3705
37758725	3706
37776969	3707
37781539	3708
37797301	3709
37849170	3710
37922674	3711
37949854	3712
37961404	3713
38026299	3714
38027651	3715
38048073	3716
38072606	3717
38080977	3718
38096709	3719
38107110	3720
38109711	3721
38118967	3722
38123573	3723
38124082	3724
38126820	3725
38133732	3726
38142906	3727
38153085	3728
38155970	3729
38189090	3730
38220786	3731
38223434	3732
38227871	3733
38273228	3734
38338282	3735
38384757	3736
38456955	3737
38469360	3738
38543708	3739
38549509	3740
38554063	3741
38569663	3742
38575244	3743
38582236	3744
38612064	3745
38630302	3746
38646827	3747
38701989	3748
38711044	3749
38737984	3750
38737988	3751
38745461	3752
38762877	3753
38765782	3754
38773455	3755
38774984	3756
38776834	3757
38782188	3758
38788928	3759
38833203	3760
38836117	3761
38844894	3762
38862637	3763
38863567	3764
38877428	3765
38880070	3766
38886643	3767
38910084	3768
38919750	3769
38927250	3770
38930443	3771
38939417	3772
38942281	3773
38957855	3774
38959639	3775
38978401	3776
38999009	3777
39029440	3778
39075102	3779
39098483	3780
39101906	3781
39161359	3782
39200519	3783
39213702	3784
39227173	3785
39227948	3786
39229443	3787
39246492	3788
39255315	3789
39270887	3790
39294522	3791
39299057	3792
39325246	3793
39329596	3794
39333396	3795
39367780	3796
39372961	3797
39378418	3798
39387471	3799
39401851	3800
39422520	3801
39447526	3802
39470021	3803
39480470	3804
39490139	3805
39513121	3806
39525764	3807
39551658	3808
39561068	3809
39576890	3810
39584078	3811
39585058	3812
39615488	3813
39617487	3814
39624316	3815
39658721	3816
39673315	3817
39678902	3818
39683363	3819
39693680	3820
39698765	3821
39708249	3822
39712290	3823
39713064	3824
39740418	3825
39746001	3826
39756303	3827
39763806	3828
39778323	3829
39790390	3830
39812515	3831
39823587	3832
39827375	3833
39829201	3834
39839313	3835
39842342	3836
39858776	3837
39872908	3838
39880613	3839
39884129	3840
39893299	3841
39901806	3842
39902977	3843
39910189	3844
39928997	3845
39937517	3846
39940657	3847
39943785	3848
40016072	3849
40016471	3850
40041254	3851
40046089	3852
40046661	3853
40054296	3854
40059217	3855
40081791	3856
40098794	3857
40106651	3858
40106966	3859
40108379	3860
40109816	3861
40116055	3862
40156204	3863
40156210	3864
40179147	3865
40180541	3866
40182755	3867
40207481	3868
40212287	3869
40215969	3870
40220081	3871
40220711	3872
40223525	3873
40236154	3874
40254888	3875
40255099	3876
40267030	3877
40268295	3878
40313604	3879
40323080	3880
40337528	3881
40345539	3882
40363382	3883
40367062	3884
40369105	3885
40377663	3886
40400131	3887
40408395	3888
40416260	3889
40420354	3890
40423444	3891
40428705	3892
40432857	3893
40460048	3894
40461148	3895
40464030	3896
40477227	3897
40501078	3898
40502892	3899
40505193	3900
40507757	3901
40524896	3902
40537787	3903
40544332	3904
40569767	3905
40571710	3906
40574613	3907
40575021	3908
40591561	3909
40594129	3910
40613303	3911
40624978	3912
40625518	3913
40627075	3914
40635313	3915
40663164	3916
40664125	3917
40668898	3918
40669404	3919
40704851	3920
40707526	3921
40718266	3922
40726207	3923
40732240	3924
40739701	3925
40757863	3926
40784576	3927
40784708	3928
40790755	3929
40819298	3930
40841245	3931
40843135	3932
40866793	3933
40871988	3934
40876658	3935
40882160	3936
40883377	3937
40894157	3938
40896872	3939
40911995	3940
40916269	3941
40932852	3942
40949420	3943
40950237	3944
40973308	3945
40984626	3946
40992200	3947
41011853	3948
41011953	3949
41015365	3950
41032599	3951
41037631	3952
41104914	3953
41109935	3954
41156258	3955
41190092	3956
41206648	3957
41208564	3958
41211040	3959
41232597	3960
41235326	3961
41284071	3962
41286803	3963
41297464	3964
41311108	3965
41312556	3966
41314720	3967
41329151	3968
41333925	3969
41336915	3970
41351485	3971
41362015	3972
41375179	3973
41394142	3974
41408161	3975
41439894	3976
41474602	3977
41485967	3978
41487548	3979
41493462	3980
41507561	3981
41531789	3982
41535818	3983
41590492	3984
41611270	3985
41615624	3986
41623013	3987
41674530	3988
41683645	3989
41685159	3990
41688540	3991
41690463	3992
41703588	3993
41729907	3994
41736320	3995
41739364	3996
41758322	3997
41765687	3998
41779367	3999
41806304	4000
41817879	4001
41830926	4002
41840493	4003
41853255	4004
41854478	4005
41885871	4006
41899215	4007
41901357	4008
41911247	4009
41915512	4010
41928327	4011
41955828	4012
41967718	4013
41980554	4014
41981536	4015
41985630	4016
41986366	4017
42005945	4018
42036397	4019
42079586	4020
42110059	4021
42119737	4022
42120668	4023
42121248	4024
42131327	4025
42165695	4026
42205143	4027
42224949	4028
42260474	4029
42266853	4030
42280495	4031
42302607	4032
42308536	4033
42336439	4034
42342296	4035
42355287	4036
42362510	4037
42371835	4038
42375287	4039
42415228	4040
42439361	4041
42454924	4042
42464176	4043
42473454	4044
42475468	4045
42478757	4046
42485195	4047
42495743	4048
42506651	4049
42522418	4050
42523522	4051
42524845	4052
42539621	4053
42546235	4054
42557459	4055
42563776	4056
42590622	4057
42594953	4058
42601076	4059
42614613	4060
42621542	4061
42633017	4062
42639339	4063
42653446	4064
42656545	4065
42662840	4066
42668100	4067
42678612	4068
42682126	4069
42684158	4070
42703929	4071
42708111	4072
42725530	4073
42745118	4074
42755304	4075
42776968	4076
42781013	4077
42789645	4078
42799443	4079
42820342	4080
42831771	4081
42889945	4082
42922941	4083
42923394	4084
42935765	4085
42938268	4086
42960322	4087
42973367	4088
42981309	4089
43001853	4090
43015612	4091
43019039	4092
43027789	4093
43028914	4094
43039713	4095
43046058	4096
43085524	4097
43088558	4098
43100510	4099
43115892	4100
45153131	4101
45162026	4102
45179116	4103
45233479	4104
45234153	4105
45238130	4106
45240204	4107
45253106	4108
45263873	4109
45266618	4110
45272274	4111
45286363	4112
45293587	4113
45293733	4114
45308032	4115
45314123	4116
45314198	4117
45324577	4118
45329671	4119
45333269	4120
45348348	4121
45353578	4122
45356088	4123
45358509	4124
45371768	4125
45373302	4126
45375163	4127
45377145	4128
45384585	4129
45400712	4130
45413813	4131
45414615	4132
45417088	4133
45422125	4134
45463112	4135
45467029	4136
45482758	4137
45501298	4138
45508847	4139
45515096	4140
45530200	4141
45538958	4142
45538967	4143
45550862	4144
45559615	4145
45564833	4146
45565771	4147
45569337	4148
45596021	4149
45601211	4150
45609522	4151
45646234	4152
45657725	4153
45658719	4154
45662228	4155
45667583	4156
45671764	4157
45675278	4158
45677756	4159
45687548	4160
45698398	4161
45720777	4162
45736527	4163
45749180	4164
45759328	4165
45760635	4166
45763286	4167
45795134	4168
45808219	4169
45825424	4170
45827101	4171
45840308	4172
45853223	4173
45854623	4174
45862693	4175
45868647	4176
45873985	4177
45921485	4178
45945095	4179
45956142	4180
45995551	4181
46000116	4182
46026467	4183
46035881	4184
46041646	4185
46042260	4186
46044913	4187
46067651	4188
46072288	4189
46087194	4190
46088514	4191
46093700	4192
46094481	4193
46094843	4194
46098207	4195
46100445	4196
46100935	4197
46117361	4198
46124973	4199
46135922	4200
46149292	4201
46150347	4202
46169913	4203
46189312	4204
46258000	4205
46264274	4206
46266829	4207
46304768	4208
46320610	4209
46321276	4210
46376313	4211
46385129	4212
46403420	4213
46413376	4214
46415579	4215
46440568	4216
46449267	4217
46501266	4218
46514405	4219
46522726	4220
46523049	4221
46525019	4222
46537472	4223
46552740	4224
46558086	4225
46580368	4226
46582176	4227
46634687	4228
46638556	4229
46683287	4230
46688639	4231
46689621	4232
46690400	4233
46691805	4234
46702396	4235
46709749	4236
46731497	4237
46733113	4238
46764541	4239
46775102	4240
46777363	4241
46804304	4242
46804345	4243
46805550	4244
46806990	4245
46807429	4246
46809278	4247
46817126	4248
46818936	4249
46831951	4250
46836056	4251
46836841	4252
46847254	4253
46848655	4254
46857855	4255
46858859	4256
46861689	4257
46872198	4258
46878402	4259
46894144	4260
46910081	4261
46910944	4262
46919319	4263
46936941	4264
46954635	4265
46954914	4266
46958798	4267
46960388	4268
46960827	4269
46967106	4270
46976917	4271
46994980	4272
47005428	4273
47034165	4274
47041826	4275
47048872	4276
47049766	4277
47051632	4278
47071292	4279
47072488	4280
47086693	4281
47114885	4282
47125209	4283
47125794	4284
47128063	4285
47133987	4286
47163920	4287
47170967	4288
47171701	4289
47172122	4290
47183523	4291
47186212	4292
47189039	4293
47200941	4294
47202694	4295
47224221	4296
47231031	4297
47234495	4298
47235036	4299
47235160	4300
47236516	4301
47244000	4302
47244074	4303
47262455	4304
47293696	4305
47299873	4306
47309183	4307
47331051	4308
47338058	4309
47342326	4310
47350296	4311
47362339	4312
47366727	4313
47371750	4314
47379637	4315
47383257	4316
47402707	4317
47405584	4318
47427614	4319
47433482	4320
47437597	4321
47459655	4322
47468471	4323
47471456	4324
47483704	4325
47507555	4326
47513824	4327
47517195	4328
47520575	4329
47523032	4330
47532489	4331
47536178	4332
47552366	4333
47553921	4334
47558809	4335
47562112	4336
47570768	4337
47578546	4338
47579518	4339
47581089	4340
47590780	4341
47593730	4342
47608552	4343
47613005	4344
47623570	4345
47628245	4346
47630991	4347
47637890	4348
47640521	4349
47651504	4350
47660770	4351
47661716	4352
47676796	4353
47679064	4354
47696200	4355
47696990	4356
47699614	4357
47702987	4358
47707760	4359
47713892	4360
47716075	4361
47728313	4362
47730116	4363
47734309	4364
47736381	4365
47738180	4366
47741498	4367
47749439	4368
47752240	4369
47759110	4370
47764246	4371
47764510	4372
47769684	4373
47775431	4374
47778513	4375
47780976	4376
47814888	4377
47818655	4378
47826108	4379
47828436	4380
47840164	4381
47843228	4382
47871795	4383
47885795	4384
47897650	4385
47902902	4386
47912386	4387
47913914	4388
47914138	4389
47916623	4390
47918071	4391
47921150	4392
47931648	4393
47936972	4394
47939459	4395
47942810	4396
47943103	4397
47945618	4398
47962516	4399
47965057	4400
47967610	4401
47967794	4402
47971583	4403
47986316	4404
47989119	4405
47991745	4406
47997633	4407
47999819	4408
48011843	4409
48015432	4410
48016301	4411
48016424	4412
48022158	4413
48035015	4414
48037354	4415
48038007	4416
48042809	4417
48043707	4418
48053940	4419
48058885	4420
48060634	4421
48092045	4422
48096884	4423
48096980	4424
48106946	4425
48109331	4426
48122479	4427
48127043	4428
48138212	4429
48148814	4430
48152596	4431
48168251	4432
48173567	4433
48176227	4434
48178886	4435
48180258	4436
48189893	4437
48193386	4438
48204237	4439
48224746	4440
48224972	4441
48226827	4442
48248185	4443
48258163	4444
48265938	4445
48268942	4446
48272586	4447
48274294	4448
48277030	4449
48293125	4450
48295977	4451
48296977	4452
48299201	4453
48308528	4454
48310495	4455
48315112	4456
48315165	4457
48317312	4458
48318096	4459
48323522	4460
48324331	4461
48327698	4462
48331629	4463
48338586	4464
48367456	4465
48369284	4466
48375547	4467
48397452	4468
48399730	4469
48405755	4470
48410828	4471
48411267	4472
48413557	4473
48415523	4474
48416072	4475
48418545	4476
48420978	4477
48428716	4478
48430608	4479
48430711	4480
48431367	4481
48431693	4482
48433840	4483
48435591	4484
48452879	4485
48453011	4486
48458436	4487
48459064	4488
48465963	4489
48473153	4490
48474788	4491
48478495	4492
48479556	4493
48485173	4494
48486996	4495
48487657	4496
48491812	4497
48492164	4498
48495591	4499
48496150	4500
48509052	4501
48510593	4502
48517211	4503
48524741	4504
48527975	4505
48531349	4506
48533706	4507
48534646	4508
48536166	4509
48539675	4510
48548843	4511
48555090	4512
48557467	4513
48560078	4514
48579821	4515
48580399	4516
48584061	4517
48592539	4518
48597151	4519
48612262	4520
48615188	4521
48629370	4522
48634555	4523
48645230	4524
48649885	4525
48653869	4526
48656576	4527
48665816	4528
48666130	4529
48677943	4530
48678623	4531
48680337	4532
48697111	4533
48715696	4534
48717476	4535
48721599	4536
48728764	4537
48735115	4538
48743833	4539
48751226	4540
48753301	4541
48757924	4542
48770825	4543
48778840	4544
48781441	4545
48805103	4546
48806760	4547
48807657	4548
48810938	4549
48815405	4550
48818418	4551
48821238	4552
48831360	4553
48837787	4554
48840013	4555
48841751	4556
48846628	4557
48853338	4558
48854028	4559
48856812	4560
48861707	4561
48862111	4562
48868115	4563
48875003	4564
48878040	4565
48878278	4566
48878299	4567
48878440	4568
48878800	4569
48880616	4570
48881361	4571
48882436	4572
48890742	4573
48896137	4574
48900583	4575
48901306	4576
48913164	4577
48915385	4578
48919083	4579
48925361	4580
48933182	4581
48933193	4582
48934348	4583
48937779	4584
48960147	4585
48961116	4586
48962980	4587
48969985	4588
48990959	4589
48990987	4590
48993510	4591
49015413	4592
49024972	4593
49025524	4594
49040600	4595
49042183	4596
49045250	4597
49045364	4598
49064373	4599
49065207	4600
49065809	4601
49066332	4602
49073168	4603
49082910	4604
49087415	4605
49090417	4606
49095551	4607
49096892	4608
49100167	4609
49100294	4610
49100967	4611
49108331	4612
49110157	4613
49113472	4614
49119286	4615
49126224	4616
49146252	4617
49147673	4618
49151423	4619
49152146	4620
49165959	4621
49172959	4622
49181104	4623
49189841	4624
49191115	4625
49191622	4626
49192567	4627
49195655	4628
49196555	4629
49197303	4630
49197409	4631
49202934	4632
49203491	4633
49204771	4634
49207574	4635
49211127	4636
49217488	4637
49221579	4638
49227851	4639
49229932	4640
49238615	4641
49240169	4642
49246138	4643
49246440	4644
49258697	4645
49263409	4646
49279983	4647
49282034	4648
49290551	4649
49296220	4650
49313892	4651
49316168	4652
49324324	4653
49327621	4654
49332378	4655
49336879	4656
49338941	4657
49345702	4658
49347131	4659
49351326	4660
49362190	4661
49366114	4662
49382433	4663
49384260	4664
49384849	4665
49387206	4666
49389355	4667
49395358	4668
49396730	4669
49398919	4670
49403798	4671
49411389	4672
49413858	4673
49417703	4674
49417886	4675
49418671	4676
49424658	4677
49441844	4678
49443281	4679
49443742	4680
49444395	4681
49445745	4682
49446551	4683
49449901	4684
49452485	4685
49454993	4686
49458333	4687
49458674	4688
49458982	4689
49474610	4690
49476943	4691
49477880	4692
49478504	4693
49486147	4694
49493476	4695
49495806	4696
49496260	4697
49496701	4698
49501309	4699
49503693	4700
49510116	4701
49515349	4702
49533815	4703
49539453	4704
49543821	4705
49545273	4706
49550146	4707
49557610	4708
49558009	4709
49562552	4710
49563518	4711
49564598	4712
49564625	4713
49566462	4714
49569024	4715
49573568	4716
49575924	4717
49577030	4718
49577091	4719
49577834	4720
49583695	4721
49586408	4722
49588011	4723
49591947	4724
49594596	4725
49597383	4726
49598340	4727
49598591	4728
49599312	4729
49600076	4730
49602887	4731
49603902	4732
49611011	4733
49617189	4734
49617219	4735
49638886	4736
49642666	4737
49643517	4738
49646314	4739
49646912	4740
49647009	4741
49648603	4742
49653408	4743
49653420	4744
49654766	4745
49655843	4746
49656616	4747
49659101	4748
49663460	4749
49666674	4750
49667051	4751
49673204	4752
49673997	4753
49676092	4754
49679964	4755
49680211	4756
49689102	4757
49689282	4758
49691580	4759
49691985	4760
49695697	4761
49696290	4762
49696920	4763
49697414	4764
49707246	4765
49725878	4766
49727199	4767
49730886	4768
49738573	4769
49760067	4770
49763707	4771
49768122	4772
49772855	4773
49773504	4774
49780281	4775
49783988	4776
49786229	4777
49797395	4778
49797488	4779
49804487	4780
49806748	4781
49812607	4782
49817475	4783
49827213	4784
49827487	4785
49828634	4786
49829453	4787
49839203	4788
49839317	4789
49839384	4790
49840210	4791
49844178	4792
49847792	4793
49850024	4794
49860106	4795
49860355	4796
49863501	4797
49865254	4798
49872251	4799
49878518	4800
49881934	4801
49887813	4802
49894293	4803
49903672	4804
49924132	4805
49924196	4806
49934364	4807
49936124	4808
49938476	4809
49950476	4810
49970207	4811
50025079	4812
50030211	4813
50041756	4814
50069026	4815
50074162	4816
