new_id	uid
0	1003134
1	1003798
2	1005261
3	1008023
4	1010145
5	1018542
6	1023672
7	1026493
8	1035020
9	1039046
10	1039205
11	1041209
12	1041403
13	1044535
14	1044776
15	1045824
16	1046264
17	1047533
18	1048016
19	1048362
20	1049298
21	1051870
22	1053592
23	1054946
24	1058825
25	1059156
26	1066049
27	1077321
28	2005054
29	2008475
30	2016788
31	2017294
32	2019942
33	2030825
34	2048518
35	2048948
36	2059839
37	2061069
38	2063610
39	2064055
40	2069487
41	2070648
42	2073565
43	2076242
44	2085748
45	2093901
46	2096037
47	2101299
48	2103423
49	2110826
50	2121794
51	2131600
52	2137578
53	2140155
54	2140839
55	2143627
56	2150262
57	2151998
58	2158309
59	2162156
60	2162162
61	2164753
62	2167262
63	2170339
64	2176276
65	2177008
66	2180051
67	2181602
68	2186803
69	2189202
70	2192894
71	2195865
72	2197281
73	2198965
74	2204896
75	2207841
76	2222413
77	2226960
78	2227566
79	2230712
80	2235610
81	2240207
82	2241192
83	2242663
84	2246769
85	2248978
86	2255135
87	2262515
88	2265552
89	2266344
90	2274811
91	2279424
92	2283870
93	2288779
94	2292633
95	2304843
96	2311227
97	2312011
98	2315261
99	2322458
100	2323914
101	2326592
102	2327961
103	2339717
104	2348952
105	2350911
106	2355345
107	2359678
108	2372941
109	2374836
110	2375403
111	2375432
112	2379522
113	2381673
114	2382718
115	2383779
116	2385154
117	2386457
118	2389684
119	2390254
120	2393365
121	2397241
122	2397493
123	2398370
124	2399370
125	2401264
126	2403537
127	2410164
128	2417190
129	2420095
130	2420117
131	2425088
132	2427003
133	2433558
134	2435006
135	2435749
136	2438290
137	2440512
138	2441502
139	2441673
140	2445122
141	2447052
142	2447190
143	2447205
144	2455273
145	2456122
146	2457675
147	2460814
148	2461522
149	2461854
150	2462874
151	2467032
152	2468940
153	2469956
154	2472544
155	2472606
156	2476100
157	2476355
158	2477483
159	2482474
160	2482724
161	2486568
162	2492485
163	2499597
164	2504308
165	2510859
166	2512183
167	2515842
168	2520835
169	2521525
170	2528633
171	2529878
172	2533611
173	2535950
174	2541986
175	2542016
176	2542575
177	2546987
178	2549674
179	2553227
180	2554610
181	2556449
182	2560770
183	2562052
184	2565159
185	2570234
186	2571823
187	2574531
188	2577791
189	2585812
190	2589475
191	2597871
192	2600107
193	2602896
194	2603081
195	2603703
196	2607563
197	2608296
198	2610480
199	2611775
200	2612191
201	2622081
202	2630994
203	2631223
204	2633112
205	2638440
206	2642854
207	2644887
208	2645123
209	2649794
210	2657881
211	2658111
212	2658791
213	2673926
214	2675124
215	2678618
216	2678822
217	2701378
218	2703135
219	2703633
220	2707419
221	2724069
222	2727443
223	2729340
224	2733315
225	2739069
226	2744405
227	2747640
228	2747679
229	2755707
230	2755790
231	2761764
232	2763552
233	2764756
234	2768394
235	2769208
236	2770591
237	2771935
238	2773174
239	2776813
240	2777664
241	2780869
242	2788834
243	2790266
244	2801472
245	2804308
246	2804395
247	2804532
248	2810982
249	2812325
250	2813453
251	2824172
252	2833076
253	2845351
254	2848903
255	2854098
256	2868177
257	2869646
258	2870824
259	2872745
260	2880053
261	2886938
262	2899755
263	2907720
264	2909843
265	2920678
266	2923909
267	2927082
268	2927263
269	2930628
270	2931798
271	2934732
272	2946886
273	2948640
274	2953318
275	2956997
276	2974669
277	2975450
278	2979372
279	2989016
280	2991844
281	2991896
282	2997358
283	2998915
284	3002379
285	3002671
286	3003353
287	3007944
288	3028004
289	3035191
290	3035207
291	3035668
292	3043144
293	3044195
294	3051447
295	3052022
296	3053025
297	3053933
298	3059654
299	3082665
300	3089212
301	3090210
302	3096244
303	3098722
304	3103292
305	3107623
306	3109315
307	3123481
308	3126145
309	3130649
310	3137007
311	3143236
312	3145388
313	3145595
314	3148826
315	3151665
316	3155540
317	3156194
318	3159299
319	3166620
320	3174826
321	3178253
322	3187328
323	3188749
324	3190458
325	3197019
326	3197196
327	3204111
328	3207280
329	3223138
330	3224944
331	3227423
332	3235071
333	3236261
334	3239305
335	3242046
336	3245519
337	3246492
338	3254237
339	3258466
340	3259960
341	3260365
342	3264644
343	3268882
344	3272251
345	3278164
346	3288185
347	3288496
348	3301827
349	3304300
350	3306178
351	3307035
352	3313426
353	3323773
354	3325406
355	3331435
356	3332579
357	3336418
358	3341302
359	3348005
360	3350590
361	3351037
362	3358152
363	3368891
364	3381066
365	3381597
366	3385917
367	3393602
368	3395309
369	3396181
370	3397462
371	3397619
372	3399335
373	3399549
374	3400455
375	3402394
376	3403573
377	3413968
378	3418154
379	3426972
380	3430090
381	3430713
382	3432839
383	3439425
384	3441726
385	3444522
386	3457764
387	3458111
388	3461394
389	3463691
390	3465534
391	3466671
392	3471064
393	3473393
394	3474378
395	3474887
396	3478037
397	3478587
398	3480049
399	3489485
400	3489860
401	3498867
402	3500473
403	3503073
404	3509849
405	3515958
406	3520945
407	3524870
408	3533556
409	3548400
410	3555736
411	3557285
412	3558288
413	3564201
414	3570019
415	3571079
416	3574952
417	3576540
418	3581547
419	3583821
420	3595726
421	3599876
422	3603648
423	3605458
424	3608920
425	3613702
426	3615448
427	3616893
428	3619631
429	3620016
430	3625906
431	3627904
432	3628128
433	3628554
434	3628938
435	3631665
436	3649737
437	3652631
438	3660796
439	3663253
440	3664630
441	3664659
442	3670716
443	3672275
444	3680137
445	3687335
446	3688209
447	3694683
448	3695869
449	3703010
450	3711115
451	3716724
452	3734318
453	3734987
454	3742456
455	3755492
456	3755614
457	3767277
458	3767609
459	3768204
460	3776652
461	3784080
462	3789291
463	3789622
464	3789789
465	3794696
466	3794921
467	3796723
468	3798260
469	3800889
470	3801391
471	3804353
472	3815094
473	3822700
474	3831644
475	3836289
476	3837198
477	3842093
478	3846576
479	3856092
480	3870766
481	3873307
482	3888019
483	3889481
484	3894509
485	3899270
486	3926269
487	3927713
488	3933229
489	3952951
490	3955952
491	3960795
492	3961563
493	3961662
494	3975796
495	3979635
496	3988284
497	3991313
498	3997763
499	3998103
500	4008983
501	4011470
502	4021036
503	4025188
504	4028212
505	4032296
506	4034548
507	4040048
508	4078927
509	4081624
510	4081747
511	4087599
512	4108563
513	4112590
514	4113263
515	4115698
516	4116834
517	4127879
518	4129727
519	4144771
520	4146779
521	4151936
522	4154850
523	4156146
524	4166131
525	4175289
526	4176518
527	4181235
528	4183883
529	4209678
530	4213883
531	4221137
532	4221201
533	4234911
534	4241250
535	4245290
536	4245348
537	4256404
538	4258244
539	4258669
540	4261363
541	4272616
542	4272732
543	4294882
544	4296006
545	4298951
546	4302538
547	4302833
548	4316779
549	4325258
550	4339278
551	4341877
552	4354198
553	4357192
554	4358592
555	4366063
556	4367360
557	4377536
558	4380245
559	4382100
560	4387327
561	4391858
562	4401240
563	4408155
564	4409523
565	4416630
566	4421708
567	4423444
568	4432320
569	4436097
570	4438583
571	4442715
572	4447744
573	4458248
574	4459072
575	4459554
576	4473133
577	4483739
578	4484499
579	4513220
580	4513765
581	4513833
582	4515577
583	4520742
584	4525586
585	4526849
586	4527233
587	4530700
588	4535029
589	4536882
590	4537245
591	4539782
592	4540727
593	4542667
594	4551362
595	4551617
596	4555234
597	4567404
598	4573806
599	4574715
600	4575581
601	4578864
602	4581511
603	4590174
604	4593954
605	4596784
606	4597837
607	4598733
608	4602724
609	4603539
610	4606112
611	4612124
612	4620306
613	4620850
614	4628088
615	4630313
616	4630434
617	4630834
618	4637039
619	4638772
620	4646457
621	4647356
622	4656680
623	4661596
624	4666391
625	4670121
626	4670165
627	4674086
628	4699785
629	4701048
630	4701098
631	4701553
632	4714408
633	4723018
634	4727806
635	4729271
636	4729661
637	4734473
638	4734952
639	4735072
640	4737302
641	4738396
642	4738898
643	4741243
644	4744310
645	4749851
646	4750784
647	4751474
648	4755950
649	4761064
650	4768796
651	4778372
652	4779376
653	4783959
654	4786976
655	4788141
656	4790932
657	4794377
658	4796492
659	4808645
660	4813781
661	4829228
662	4833239
663	4839509
664	4839688
665	4841526
666	4845805
667	4846168
668	4850129
669	4850987
670	4851034
671	4854237
672	4862107
673	4864154
674	4868498
675	4879614
676	4889197
677	4893733
678	4893768
679	4895495
680	4896748
681	4907521
682	4910713
683	4920919
684	4921567
685	4922330
686	4927740
687	4929065
688	4935226
689	4936240
690	4942248
691	4946294
692	4948952
693	4951774
694	4965072
695	4970728
696	4971314
697	4972880
698	4976524
699	4981729
700	4982094
701	4987823
702	4996019
703	4996094
704	4997029
705	4997451
706	5006018
707	5009412
708	5011194
709	5014487
710	5014580
711	5017275
712	5020419
713	5023065
714	5025424
715	5049899
716	5050053
717	5051020
718	5051853
719	5060760
720	5061342
721	5063427
722	5066259
723	5069700
724	5070886
725	5078214
726	5080003
727	5081703
728	5092093
729	5093626
730	5094333
731	5095035
732	5100223
733	5101913
734	5111554
735	5116338
736	5118555
737	5122321
738	5129603
739	5136058
740	5150292
741	5152733
742	5159690
743	5171502
744	5173056
745	5174838
746	5182648
747	5193129
748	5193674
749	5195747
750	5199231
751	5204658
752	5210514
753	5218993
754	5224418
755	5228326
756	5243855
757	5245974
758	5253398
759	5258794
760	5260579
761	5260729
762	5266094
763	5266830
764	5269802
765	5270303
766	5272074
767	5278002
768	5279110
769	5280379
770	5280460
771	5283097
772	5284715
773	5285443
774	5295113
775	5295817
776	5302821
777	5303393
778	5304663
779	5305220
780	5308827
781	5309017
782	5310550
783	5313244
784	5321331
785	5325588
786	5329116
787	5329154
788	5329562
789	5332001
790	5333230
791	5337414
792	5338932
793	5342708
794	5344158
795	5346479
796	5347983
797	5353462
798	5354508
799	5360009
800	5362154
801	5367368
802	5371950
803	5376986
804	5377163
805	5390894
806	5393478
807	5402579
808	5406550
809	5410599
810	5419456
811	5424589
812	5426684
813	5428675
814	5428832
815	5434860
816	5437876
817	5438297
818	5443242
819	5445354
820	5448364
821	5448401
822	5456426
823	5458232
824	5459640
825	5460898
826	5462659
827	5467355
828	5473298
829	5480507
830	5482664
831	5483572
832	5486219
833	5487434
834	5489275
835	5502042
836	5507553
837	5509062
838	5514454
839	5515468
840	5517690
841	5518864
842	5525906
843	5527020
844	5529506
845	5530441
846	5535572
847	5535981
848	5544243
849	5545475
850	5548201
851	5549202
852	5554469
853	5556438
854	5564466
855	5566643
856	5570800
857	5571371
858	5571403
859	5572445
860	5575276
861	5577236
862	5583704
863	5592666
864	5593717
865	5602673
866	5603061
867	5604823
868	5607003
869	5610519
870	5618885
871	5633474
872	5634487
873	5635090
874	5637943
875	5649599
876	5655956
877	5657362
878	5659917
879	5663568
880	5668683
881	5686898
882	5688508
883	5691391
884	5691970
885	5694855
886	5698513
887	5704661
888	5705953
889	5706298
890	5714922
891	5723188
892	5732935
893	5733524
894	5736475
895	5737318
896	5737326
897	5740451
898	5749837
899	5751675
900	5754379
901	5771893
902	5773732
903	5775038
904	5779194
905	5787806
906	5795961
907	5797813
908	5799529
909	5816319
910	5818144
911	5819584
912	5819955
913	5820002
914	5821219
915	5824614
916	5827837
917	5828903
918	5831902
919	5838916
920	5845628
921	5848739
922	5870224
923	5873157
924	5875933
925	5879390
926	5880437
927	5890972
928	5892381
929	5892803
930	5900282
931	5904176
932	5911970
933	5912398
934	5923339
935	5932412
936	5939172
937	5940116
938	5943487
939	5945844
940	5948440
941	5950163
942	5953568
943	5959467
944	5966231
945	5972601
946	5974173
947	5979178
948	5980412
949	5982809
950	5987155
951	5998309
952	6008312
953	6013515
954	6014325
955	6014346
956	6020497
957	6025200
958	6029934
959	6030905
960	6043449
961	6049808
962	6055480
963	6055833
964	6064299
965	6064623
966	6064942
967	6068470
968	6081937
969	6085375
970	6103700
971	6113062
972	6118151
973	6120670
974	6122583
975	6122969
976	6125665
977	6126800
978	6127317
979	6129160
980	6132311
981	6134021
982	6136271
983	6138998
984	6139613
985	6146301
986	6151923
987	6157152
988	6158275
989	6159111
990	6160625
991	6168263
992	6170383
993	6174161
994	6174816
995	6178757
996	6180514
997	6182958
998	6185296
999	6188406
1000	6191108
1001	6195230
1002	6199796
1003	6206555
1004	6213894
1005	6215924
1006	6219440
1007	6219607
1008	6227973
1009	6230012
1010	6234254
1011	6241091
1012	6244099
1013	6255575
1014	6261389
1015	6262228
1016	6266672
1017	6267268
1018	6267506
1019	6270361
1020	6279741
1021	6294182
1022	6304123
1023	6306252
1024	6309920
1025	6312441
1026	6322976
1027	6337739
1028	6354859
1029	6354986
1030	6361582
1031	6363147
1032	6367098
1033	6367988
1034	6367995
1035	6379455
1036	6380812
1037	6384880
1038	6386267
1039	6387903
1040	6392684
1041	6398204
1042	6398525
1043	6410553
1044	6411451
1045	6412515
1046	6418881
1047	6422083
1048	6426809
1049	6438339
1050	6444079
1051	6445021
1052	6448013
1053	6454478
1054	6472144
1055	6473142
1056	6480542
1057	6482475
1058	6496755
1059	6499648
1060	6502039
1061	6504385
1062	6504926
1063	6506026
1064	6511558
1065	6523140
1066	6545772
1067	6549540
1068	6566712
1069	6571510
1070	6575213
1071	6578935
1072	6586125
1073	6597365
1074	6617455
1075	6617508
1076	6619551
1077	6627491
1078	6636433
1079	6641327
1080	6653912
1081	6656548
1082	6664435
1083	6668359
1084	6678083
1085	6678765
1086	6698074
1087	6705855
1088	6708343
1089	6735610
1090	6738756
1091	6741210
1092	6754411
1093	6756818
1094	6773937
1095	6775984
1096	6787241
1097	6788206
1098	6788540
1099	6794287
1100	6796737
1101	6803447
1102	6804052
1103	6823315
1104	6825944
1105	6842032
1106	6844209
1107	6855473
1108	6857980
1109	6861374
1110	6870153
1111	6874863
1112	6875830
1113	6880995
1114	6897149
1115	6914889
1116	6915772
1117	6916046
1118	6918814
1119	6930573
1120	6946347
1121	6951312
1122	6953451
1123	6955283
1124	6960800
1125	6963662
1126	6973609
1127	6978019
1128	6984395
1129	6984589
1130	6985275
1131	6985948
1132	6987526
1133	6992664
1134	7002941
1135	7004146
1136	7013370
1137	7015216
1138	7025907
1139	7026348
1140	7035240
1141	7050413
1142	7054082
1143	7055114
1144	7060075
1145	7063993
1146	7080246
1147	7111881
1148	7132348
1149	7133016
1150	7138659
1151	7140234
1152	7142980
1153	7153164
1154	7157289
1155	7166903
1156	7171618
1157	7186183
1158	7187924
1159	7196462
1160	7196552
1161	7200187
1162	7206805
1163	7213595
1164	7214512
1165	7216579
1166	7221204
1167	7223948
1168	7227267
1169	7231379
1170	7231441
1171	7239403
1172	7240746
1173	7251666
1174	7254362
1175	7264988
1176	7267990
1177	7268182
1178	7274774
1179	7277276
1180	7278831
1181	7281033
1182	7286116
1183	7297731
1184	7301004
1185	7321199
1186	7328123
1187	7335723
1188	7343776
1189	7343795
1190	7343854
1191	7346506
1192	7353350
1193	7353835
1194	7359024
1195	7378762
1196	7392353
1197	7399169
1198	7404637
1199	7415754
1200	7417628
1201	7436168
1202	7437851
1203	7441047
1204	7473788
1205	7535823
1206	7535911
1207	7543918
1208	7549597
1209	7558809
1210	7563475
1211	7569475
1212	7569744
1213	7571797
1214	7575716
1215	7577332
1216	7582599
1217	7592642
1218	7599594
1219	7607335
1220	7612050
1221	7613158
1222	7613189
1223	7617683
1224	7629019
1225	7632630
1226	7633789
1227	7636471
1228	7653788
1229	7656895
1230	7665129
1231	7665166
1232	7674192
1233	7685887
1234	7692466
1235	7694630
1236	7703334
1237	7704777
1238	7706337
1239	7710411
1240	7712964
1241	7713532
1242	7719992
1243	7720234
1244	7733019
1245	7780364
1246	7781139
1247	7788856
1248	7802243
1249	7804059
1250	7807839
1251	7812662
1252	7813133
1253	7835995
1254	7841641
1255	7851982
1256	7854598
1257	7858376
1258	7859221
1259	7864784
1260	7867337
1261	7869989
1262	7871825
1263	7873013
1264	7877317
1265	7880512
1266	7882084
1267	7883769
1268	7884158
1269	7887098
1270	7889220
1271	7891836
1272	7895178
1273	7911354
1274	7923436
1275	7923562
1276	7926215
1277	7926842
1278	7928396
1279	7942477
1280	7947848
1281	7954479
1282	7958555
1283	7972651
1284	7975348
1285	7976482
1286	7977148
1287	7977794
1288	7980270
1289	7983602
1290	7991840
1291	7995240
1292	7996093
1293	7996631
1294	8000005
1295	8021575
1296	8022861
1297	8043610
1298	8049814
1299	8052371
1300	8058019
1301	8061922
1302	8063085
1303	8066919
1304	8069276
1305	8069831
1306	8074009
1307	8091537
1308	8099056
1309	8099267
1310	8104697
1311	8112175
1312	8115753
1313	8120165
1314	8125801
1315	8128206
1316	8136294
1317	8143398
1318	8147256
1319	8156389
1320	8158419
1321	8160755
1322	8162392
1323	8165324
1324	8167757
1325	8171589
1326	8176144
1327	8176772
1328	8176817
1329	8176940
1330	8177245
1331	8185541
1332	8192944
1333	8207648
1334	8233695
1335	8236395
1336	8239783
1337	8260485
1338	8268780
1339	8273447
1340	8296885
1341	8296946
1342	8299173
1343	8306009
1344	8323354
1345	8324310
1346	8326046
1347	8345204
1348	8364244
1349	8366635
1350	8376741
1351	8377701
1352	8387490
1353	8394814
1354	8400743
1355	8405366
1356	8414111
1357	8416296
1358	8416342
1359	8433866
1360	8439008
1361	8439328
1362	8449607
1363	8451760
1364	8458576
1365	8459217
1366	8471524
1367	8482260
1368	8482968
1369	8484926
1370	8495562
1371	8498689
1372	8507918
1373	8532024
1374	8537662
1375	8541241
1376	8543491
1377	8548600
1378	8553110
1379	8553147
1380	8559041
1381	8572294
1382	8576190
1383	8576198
1384	8583296
1385	8586180
1386	8590058
1387	8600739
1388	8604483
1389	8610675
1390	8614098
1391	8615011
1392	8630629
1393	8637991
1394	8646008
1395	8647321
1396	8652883
1397	8656429
1398	8662360
1399	8664343
1400	8666227
1401	8677858
1402	8685188
1403	8692632
1404	8695680
1405	8706080
1406	8708455
1407	8708511
1408	8710515
1409	8724043
1410	8728938
1411	8733065
1412	8736242
1413	8742515
1414	8742997
1415	8746533
1416	8747576
1417	8748895
1418	8752690
1419	8755219
1420	8762582
1421	8777452
1422	8790311
1423	8790512
1424	8790654
1425	8793085
1426	8793449
1427	8795438
1428	8797596
1429	8799717
1430	8801241
1431	8808765
1432	8810253
1433	8810589
1434	8812143
1435	8813091
1436	8821950
1437	8832481
1438	8856168
1439	8856533
1440	8859093
1441	8868468
1442	8889471
1443	8889537
1444	8890887
1445	8909683
1446	8914251
1447	8919594
1448	8926629
1449	8932600
1450	8937554
1451	8941731
1452	8942245
1453	8944042
1454	8951814
1455	8964741
1456	8971680
1457	8985317
1458	8989144
1459	8992416
1460	9000603
1461	9017291
1462	9019961
1463	9024412
1464	9027470
1465	9029468
1466	9035146
1467	9039619
1468	9060655
1469	9063427
1470	9068556
1471	9085838
1472	9087534
1473	9106243
1474	9110165
1475	9114711
1476	9114933
1477	9127610
1478	9132904
1479	9145069
1480	9149110
1481	9150930
1482	9166046
1483	9167678
1484	9168992
1485	9177460
1486	9178381
1487	9186177
1488	9194110
1489	9200843
1490	9216087
1491	9226910
1492	9238938
1493	9239245
1494	9239366
1495	9254231
1496	9277744
1497	9278212
1498	9278351
1499	9284607
1500	9285035
1501	9295347
1502	9303053
1503	9307983
1504	9308081
1505	9312684
1506	9314164
1507	9317152
1508	9320158
1509	9323212
1510	9327685
1511	9329060
1512	9331127
1513	9342714
1514	9348058
1515	9348645
1516	9354910
1517	9362434
1518	9362876
1519	9374605
1520	9378408
1521	9385639
1522	9386186
1523	9395773
1524	9397579
1525	9413267
1526	9418109
1527	9418596
1528	9423480
1529	9423850
1530	9427317
1531	9429527
1532	9443294
1533	9444321
1534	9451212
1535	9454105
1536	9457484
1537	9461081
1538	9462483
1539	9469086
1540	9484493
1541	9486839
1542	9490783
1543	9523193
1544	9524141
1545	9533363
1546	9536334
1547	9546474
1548	9552431
1549	9554942
1550	9556895
1551	9559661
1552	9615501
1553	9632418
1554	9644506
1555	9653444
1556	9662719
1557	9685640
1558	9690768
1559	9698827
1560	9705464
1561	9709098
1562	9716135
1563	9728517
1564	9729936
1565	9747744
1566	9748111
1567	9756788
1568	9757687
1569	9759573
1570	9767262
1571	9774973
1572	9786855
1573	9787127
1574	9788638
1575	9791341
1576	9792835
1577	9808039
1578	9811903
1579	9818864
1580	9824051
1581	9834720
1582	9835719
1583	9841168
1584	9845860
1585	9849492
1586	9866101
1587	9868379
1588	9885748
1589	9888488
1590	9892062
1591	9897158
1592	9902293
1593	9903029
1594	9910211
1595	9911751
1596	9930040
1597	9938243
1598	9938820
1599	9950917
1600	9955980
1601	9962427
1602	9967352
1603	9969005
1604	9986504
1605	9987052
1606	10009482
1607	10019568
1608	10025948
1609	10026004
1610	10030747
1611	10031599
1612	10031641
1613	10046857
1614	10049597
1615	10053550
1616	10067398
1617	10080566
1618	10084850
1619	10113848
1620	10126678
1621	10131595
1622	10137159
1623	10144757
1624	10146116
1625	10190750
1626	10201685
1627	10205459
1628	10208037
1629	10209345
1630	10213204
1631	10232643
1632	10242776
1633	10255145
1634	10255793
1635	10259739
1636	10263413
1637	10263779
1638	10271125
1639	10282392
1640	10286236
1641	10292940
1642	10305118
1643	10309754
1644	10316808
1645	10316978
1646	10317771
1647	10326405
1648	10327490
1649	10335983
1650	10338243
1651	10338786
1652	10345736
1653	10355092
1654	10355579
1655	10367110
1656	10373475
1657	10379720
1658	10382156
1659	10382559
1660	10382754
1661	10386404
1662	10396387
1663	10396897
1664	10400549
1665	10406196
1666	10413494
1667	10416635
1668	10418362
1669	10418767
1670	10419623
1671	10424427
1672	10425448
1673	10425873
1674	10433472
1675	10436342
1676	10437882
1677	10440681
1678	10444228
1679	10446320
1680	10452108
1681	10455208
1682	10458428
1683	10472087
1684	10472880
1685	10478649
1686	10479279
1687	10480575
1688	10480939
1689	10485827
1690	10492907
1691	10513522
1692	10525792
1693	10544181
1694	10548905
1695	10549391
1696	10555048
1697	10567041
1698	10597659
1699	10600912
1700	10605224
1701	10609531
1702	10610084
1703	10624844
1704	10627154
1705	10629768
1706	10634195
1707	10635385
1708	10643777
1709	10645698
1710	10653764
1711	10657000
1712	10660521
1713	10670390
1714	10671657
1715	10674038
1716	10676255
1717	10681947
1718	10686756
1719	10688454
1720	10698065
1721	10700418
1722	10701214
1723	10706893
1724	10710247
1725	10717392
1726	10722434
1727	10723948
1728	10737613
1729	10744133
1730	10756653
1731	10776596
1732	10785907
1733	10808523
1734	10809267
1735	10811787
1736	10819889
1737	10830565
1738	10840258
1739	10844367
1740	10855692
1741	10856669
1742	10863903
1743	10868740
1744	10878312
1745	10884902
1746	10886518
1747	10888333
1748	10888614
1749	10894379
1750	10898858
1751	10900730
1752	10900877
1753	10924220
1754	10932093
1755	10940172
1756	10940639
1757	10978480
1758	10980926
1759	10989993
1760	10992250
1761	11009458
1762	11022676
1763	11044625
1764	11047417
1765	11052334
1766	11055302
1767	11055803
1768	11058737
1769	11061630
1770	11066349
1771	11068360
1772	11072659
1773	11072669
1774	11073590
1775	11092087
1776	11113679
1777	11119631
1778	11121987
1779	11127575
1780	11144481
1781	11150283
1782	11163870
1783	11164940
1784	11178832
1785	11181061
1786	11187527
1787	11192508
1788	11193476
1789	11200920
1790	11202364
1791	11205295
1792	11207709
1793	11219981
1794	11221012
1795	11233123
1796	11242927
1797	11247022
1798	11248367
1799	11256179
1800	11269639
1801	11275765
1802	11313815
1803	11315730
1804	11317783
1805	11330440
1806	11345534
1807	11346510
1808	11347080
1809	11363234
1810	11367092
1811	11373109
1812	11377057
1813	11381182
1814	11424606
1815	11430050
1816	11431230
1817	11445502
1818	11456444
1819	11458254
1820	11466912
1821	11468114
1822	11480162
1823	11508295
1824	11513265
1825	11516373
1826	11517030
1827	11535767
1828	11541773
1829	11559496
1830	11577005
1831	11579147
1832	11580386
1833	11602082
1834	11609813
1835	11613519
1836	11616430
1837	11622919
1838	11626533
1839	11633482
1840	11644967
1841	11655270
1842	11655886
1843	11661385
1844	11661754
1845	11669844
1846	11680821
1847	11681463
1848	11691262
1849	11693759
1850	11724818
1851	11736960
1852	11740890
1853	11759015
1854	11781030
1855	11788491
1856	11810750
1857	11811105
1858	11815209
1859	11819149
1860	11823351
1861	11825204
1862	11828750
1863	11838174
1864	11839601
1865	11845109
1866	11850262
1867	11857868
1868	11883139
1869	11884177
1870	11892980
1871	11916981
1872	11920850
1873	11924005
1874	11935787
1875	11943990
1876	11958148
1877	11969358
1878	12018717
1879	12030402
1880	12042038
1881	12043444
1882	12044719
1883	12049268
1884	12049963
1885	12072999
1886	12078056
1887	12095057
1888	12100748
1889	12109824
1890	12121349
1891	12129111
1892	12135499
1893	12141887
1894	12148239
1895	12159497
1896	12177752
1897	12184246
1898	12190720
1899	12191762
1900	12193340
1901	12199006
1902	12211838
1903	12213992
1904	12236795
1905	12252084
1906	12270698
1907	12279005
1908	12280213
1909	12280917
1910	12305135
1911	12309483
1912	12312859
1913	12344138
1914	12345994
1915	12353721
1916	12364805
1917	12366425
1918	12366431
1919	12373741
1920	12374721
1921	12392785
1922	12403658
1923	12405551
1924	12419187
1925	12431519
1926	12437132
1927	12438107
1928	12441391
1929	12441907
1930	12442274
1931	12449203
1932	12490932
1933	12491338
1934	12508759
1935	12542931
1936	12548303
1937	12553690
1938	12562650
1939	12600817
1940	12605294
1941	12608018
1942	12633135
1943	12657044
1944	12669836
1945	12681293
1946	12682937
1947	12691623
1948	12701326
1949	12709610
1950	12709840
1951	12724156
1952	12724638
1953	12730813
1954	12752026
1955	12770421
1956	12773706
1957	12792676
1958	12802355
1959	12828499
1960	12842776
1961	12844271
1962	12848152
1963	12852137
1964	12854292
1965	12862424
1966	12868676
1967	12880910
1968	12896210
1969	12904455
1970	12928419
1971	12935251
1972	12939044
1973	12950596
1974	12951794
1975	12960743
1976	12960776
1977	12966633
1978	12975728
1979	12980590
1980	12987728
1981	13000062
1982	13008781
1983	13022161
1984	13030893
1985	13035347
1986	13040422
1987	13041460
1988	13063299
1989	13067987
1990	13069095
1991	13070174
1992	13091927
1993	13096346
1994	13107335
1995	13113238
1996	13120311
1997	13136809
1998	13138949
1999	13176331
2000	13187430
2001	13225494
2002	13254134
2003	13263488
2004	13274002
2005	13277707
2006	13277770
2007	13285263
2008	13288391
2009	13291586
2010	13294100
2011	13294804
2012	13305160
2013	13305697
2014	13341454
2015	13344174
2016	13351441
2017	13353181
2018	13375345
2019	13417076
2020	13439948
2021	13444965
2022	13448050
2023	13469628
2024	13471412
2025	13480569
2026	13526918
2027	13542335
2028	13550637
2029	13579593
2030	13587690
2031	13593686
2032	13595416
2033	13600916
2034	13613092
2035	13614275
2036	13629843
2037	13635457
2038	13639824
2039	13641238
2040	13652473
2041	13655063
2042	13675341
2043	13701585
2044	13705709
2045	13725104
2046	13728711
2047	13732425
2048	13732575
2049	13742447
2050	13745498
2051	13750804
2052	13754580
2053	13768188
2054	13770579
2055	13804551
2056	13806549
2057	13825117
2058	13829297
2059	13833494
2060	13838095
2061	13839343
2062	13844152
2063	13853649
2064	13868789
2065	13876752
2066	13882540
2067	13889005
2068	13890857
2069	13900075
2070	13908807
2071	13916668
2072	13926899
2073	13934588
2074	13945555
2075	13949794
2076	13952645
2077	13989047
2078	14012359
2079	14019044
2080	14022772
2081	14028031
2082	14030592
2083	14031991
2084	14040499
2085	14041598
2086	14080541
2087	14106918
2088	14117804
2089	14131128
2090	14143152
2091	14147629
2092	14156239
2093	14167493
2094	14167588
2095	14186113
2096	14193250
2097	14195070
2098	14204994
2099	14209179
2100	14213130
2101	14218734
2102	14229678
2103	14231645
2104	14237111
2105	14237684
2106	14240473
2107	14241663
2108	14254785
2109	14258251
2110	14265729
2111	14267682
2112	14277450
2113	14314499
2114	14315548
2115	14316142
2116	14332325
2117	14333822
2118	14335016
2119	14344998
2120	14345010
2121	14348882
2122	14361893
2123	14368697
2124	14370017
2125	14379311
2126	14389115
2127	14407133
2128	14407210
2129	14407900
2130	14419918
2131	14420385
2132	14429827
2133	14446802
2134	14450374
2135	14461662
2136	14466582
2137	14480015
2138	14503758
2139	14506007
2140	14521883
2141	14529032
2142	14537710
2143	14554380
2144	14565143
2145	14578071
2146	14580888
2147	14583323
2148	14591690
2149	14600181
2150	14647540
2151	14649240
2152	14653360
2153	14656105
2154	14657666
2155	14665159
2156	14675267
2157	14682038
2158	14690635
2159	14705480
2160	14706656
2161	14707578
2162	14709676
2163	14718956
2164	14721316
2165	14724664
2166	14730560
2167	14774992
2168	14796648
2169	14810974
2170	14815275
2171	14828534
2172	14831246
2173	14855249
2174	14869243
2175	14869304
2176	14871205
2177	14886579
2178	14886845
2179	14887814
2180	14888498
2181	14888529
2182	14929376
2183	14942262
2184	14975516
2185	14994284
2186	15000721
2187	15003307
2188	15019360
2189	15019980
2190	15023742
2191	15042948
2192	15046262
2193	15049455
2194	15076758
2195	15084517
2196	15088846
2197	15090559
2198	15091067
2199	15110560
2200	15120388
2201	15127474
2202	15151352
2203	15173073
2204	15179660
2205	15195842
2206	15196977
2207	15222191
2208	15223799
2209	15231868
2210	15269233
2211	15285286
2212	15288051
2213	15291477
2214	15301491
2215	15307955
2216	15310874
2217	15311493
2218	15317754
2219	15318365
2220	15324504
2221	15329100
2222	15358930
2223	15381702
2224	15396976
2225	15402166
2226	15415889
2227	15424710
2228	15435388
2229	15465723
2230	15471540
2231	15472218
2232	15487663
2233	15507088
2234	15507910
2235	15510454
2236	15538805
2237	15539504
2238	15541614
2239	15552131
2240	15566622
2241	15572058
2242	15591671
2243	15609486
2244	15613501
2245	15626065
2246	15636162
2247	15654239
2248	15659089
2249	15679057
2250	15684270
2251	15693210
2252	15693752
2253	15696847
2254	15699269
2255	15712634
2256	15725877
2257	15731536
2258	15734459
2259	15739176
2260	15778333
2261	15788462
2262	15789990
2263	15834604
2264	15847956
2265	15849244
2266	15858605
2267	15864271
2268	15867823
2269	15876110
2270	15884165
2271	15889294
2272	15911643
2273	15914619
2274	15915009
2275	15920258
2276	15923449
2277	15927011
2278	15950600
2279	15970457
2280	15971978
2281	15999286
2282	15999778
2283	16009811
2284	16015060
2285	16021318
2286	16043017
2287	16060451
2288	16072747
2289	16079172
2290	16087194
2291	16093305
2292	16119133
2293	16119311
2294	16126799
2295	16133963
2296	16135845
2297	16156558
2298	16159995
2299	16166818
2300	16194544
2301	16210686
2302	16223563
2303	16260340
2304	16269350
2305	16270462
2306	16287684
2307	16293046
2308	16308119
2309	16311176
2310	16313495
2311	16319222
2312	16332887
2313	16340082
2314	16343684
2315	16362468
2316	16375491
2317	16385164
2318	16400833
2319	16403760
2320	16412867
2321	16440815
2322	16460184
2323	16465682
2324	16562986
2325	16588938
2326	16591625
2327	16620845
2328	16622219
2329	16659474
2330	16721517
2331	16723888
2332	16726485
2333	16740731
2334	16747332
2335	16750047
2336	16770958
2337	16776605
2338	16794265
2339	16803861
2340	16805251
2341	16820906
2342	16849161
2343	16907010
2344	16908327
2345	16948502
2346	16965762
2347	16974766
2348	16976956
2349	17000079
2350	17004989
2351	17005170
2352	17035824
2353	17037207
2354	17065689
2355	17092303
2356	17094509
2357	17101270
2358	17118505
2359	17133048
2360	17147390
2361	17151300
2362	17168996
2363	17200326
2364	17219934
2365	17250557
2366	17262457
2367	17272211
2368	17294734
2369	17300169
2370	17311000
2371	17323450
2372	17336331
2373	17344026
2374	17394124
2375	17395920
2376	17410773
2377	17423962
2378	17426999
2379	17443204
2380	17443520
2381	17460675
2382	17475883
2383	17527220
2384	17534106
2385	17536136
2386	17539509
2387	17549171
2388	17603656
2389	17609997
2390	17622554
2391	17634835
2392	17648036
2393	17672879
2394	17675621
2395	17681456
2396	17704917
2397	17707628
2398	17712197
2399	17730162
2400	17773316
2401	17787527
2402	17792350
2403	17798529
2404	17805568
2405	17818667
2406	17836027
2407	17872357
2408	17884446
2409	17896034
2410	17898034
2411	17939010
2412	17971871
2413	17972420
2414	17975406
2415	17984303
2416	17986707
2417	17993016
2418	18020478
2419	18021560
2420	18023238
2421	18024628
2422	18038671
2423	18050324
2424	18074357
2425	18080440
2426	18098910
2427	18118647
2428	18132118
2429	18138523
2430	18139896
2431	18157628
2432	18159123
2433	18196048
2434	18197054
2435	18222258
2436	18232666
2437	18238604
2438	18244319
2439	18250112
2440	18280286
2441	18290863
2442	18305820
2443	18319039
2444	18325521
2445	18350904
2446	18354371
2447	18359066
2448	18370368
2449	18378455
2450	18404975
2451	18407818
2452	18416642
2453	18427809
2454	18433120
2455	18478179
2456	18482871
2457	18498855
2458	18499920
2459	18516987
2460	18541122
2461	18556633
2462	18567143
2463	18592148
2464	18597354
2465	18597786
2466	18607226
2467	18610889
2468	18627625
2469	18654310
2470	18654607
2471	18699070
2472	18701242
2473	18780822
2474	18787755
2475	18807557
2476	18847794
2477	18893500
2478	18896039
2479	18900186
2480	18932836
2481	18933148
2482	18936694
2483	18945367
2484	18960351
2485	18960900
2486	18988412
2487	19003657
2488	19005040
2489	19067514
2490	19067788
2491	19078903
2492	19086268
2493	19112585
2494	19134099
2495	19140219
2496	19141525
2497	19148514
2498	19178563
2499	19187701
2500	19190747
2501	19192269
2502	19197360
2503	19208366
2504	19238493
2505	19269412
2506	19277193
2507	19282587
2508	19304811
2509	19317518
2510	19329136
2511	19332851
2512	19333537
2513	19335230
2514	19336418
2515	19341372
2516	19349697
2517	19351706
2518	19364309
2519	19369360
2520	19389378
2521	19411752
2522	19427402
2523	19434409
2524	19441906
2525	19453511
2526	19461984
2527	19466046
2528	19498785
2529	19501445
2530	19515716
2531	19517839
2532	19523759
2533	19573863
2534	19574352
2535	19581196
2536	19598977
2537	19601168
2538	19614288
2539	19616913
2540	19620878
2541	19635452
2542	19643135
2543	19653390
2544	19673047
2545	19677139
2546	19680888
2547	19683600
2548	19690897
2549	19722726
2550	19732689
2551	19734547
2552	19738038
2553	19766507
2554	19778580
2555	19793950
2556	19800111
2557	19809183
2558	19814305
2559	19818898
2560	19820674
2561	19840309
2562	19853926
2563	19863307
2564	19868309
2565	19875479
2566	19895776
2567	19897848
2568	19901591
2569	19905079
2570	19916568
2571	19925081
2572	19936144
2573	19954741
2574	19957565
2575	19964722
2576	19968147
2577	19983846
2578	19987516
2579	20000904
2580	20012488
2581	20026775
2582	20059531
2583	20066432
2584	20067210
2585	20098267
2586	20137187
2587	20138318
2588	20146143
2589	20165192
2590	20193908
2591	20213200
2592	20225768
2593	20226006
2594	20249109
2595	20256632
2596	20274304
2597	20277598
2598	20287050
2599	20301606
2600	20306549
2601	20318709
2602	20318799
2603	20322918
2604	20337050
2605	20358724
2606	20375709
2607	20396719
2608	20421467
2609	20440471
2610	20452123
2611	20456087
2612	20471290
2613	20482734
2614	20504124
2615	20507514
2616	20512568
2617	20530217
2618	20537554
2619	20554955
2620	20600754
2621	20605643
2622	20607088
2623	20635426
2624	20640733
2625	20660203
2626	20670778
2627	20704386
2628	20706892
2629	20725471
2630	20737941
2631	20753688
2632	20755005
2633	20778718
2634	20803601
2635	20814025
2636	20821167
2637	20821393
2638	20823351
2639	20840891
2640	20844496
2641	20857385
2642	20859993
2643	20894066
2644	20917024
2645	20930656
2646	20935112
2647	20969959
2648	20978022
2649	20981536
2650	20995589
2651	21031636
2652	21055660
2653	21072247
2654	21090920
2655	21118136
2656	21124686
2657	21136659
2658	21148101
2659	21148287
2660	21153080
2661	21157136
2662	21157436
2663	21157672
2664	21200754
2665	21202018
2666	21214123
2667	21217726
2668	21218708
2669	21222903
2670	21225492
2671	21254692
2672	21286444
2673	21293881
2674	21294112
2675	21300748
2676	21322493
2677	21324902
2678	21335210
2679	21349889
2680	21360655
2681	21377176
2682	21386671
2683	21387141
2684	21401515
2685	21419707
2686	21443046
2687	21447458
2688	21464352
2689	21474841
2690	21480411
2691	21487089
2692	21494924
2693	21496629
2694	21526460
2695	21533023
2696	21539734
2697	21557890
2698	21571696
2699	21578140
2700	21596725
2701	21605858
2702	21611472
2703	21633096
2704	21652085
2705	21655303
2706	21656482
2707	21665399
2708	21690979
2709	21693988
2710	21694065
2711	21713315
2712	21713756
2713	21731120
2714	21732924
2715	21748346
2716	21753531
2717	21764355
2718	21778569
2719	21793434
2720	21799873
2721	21804008
2722	21820924
2723	21838424
2724	21849468
2725	21857088
2726	21870939
2727	21880315
2728	21888628
2729	21890318
2730	21891175
2731	21895234
2732	21897295
2733	21901713
2734	21910487
2735	21914521
2736	21915787
2737	21917460
2738	21918137
2739	21937251
2740	21947834
2741	21993785
2742	22010851
2743	22043834
2744	22097351
2745	22107188
2746	22108417
2747	22138241
2748	22156554
2749	22190561
2750	22201228
2751	22213101
2752	22213588
2753	22237998
2754	22254257
2755	22261081
2756	22262546
2757	22275362
2758	22276350
2759	22277612
2760	22283153
2761	22290471
2762	22352444
2763	22354542
2764	22378877
2765	22384058
2766	22386137
2767	22391894
2768	22409923
2769	22412996
2770	22424211
2771	22424781
2772	22425500
2773	22432618
2774	22447932
2775	22453645
2776	22460989
2777	22461284
2778	22474625
2779	22509622
2780	22528498
2781	22590664
2782	22599861
2783	22622703
2784	22625115
2785	22639480
2786	22655641
2787	22660832
2788	22674430
2789	22698364
2790	22707398
2791	22733557
2792	22745161
2793	22808801
2794	22839861
2795	22866290
2796	22870436
2797	23015272
2798	23030731
2799	23134000
2800	23135772
2801	23166284
2802	23230103
2803	23255035
2804	23285552
2805	23389760
2806	23406231
2807	23424292
2808	23432107
2809	23481622
2810	23503179
2811	23511418
2812	23514255
2813	23532454
2814	23579849
2815	23615325
2816	23628893
2817	23703379
2818	23726161
2819	23727268
2820	23728945
2821	23775280
2822	23818027
2823	23823517
2824	23848324
2825	23861296
2826	23862292
2827	23957263
2828	23962074
2829	24074182
2830	24088136
2831	24109485
2832	24208545
2833	24214479
2834	24223910
2835	24257008
2836	24276565
2837	24324865
2838	24336504
2839	24352081
2840	24388910
2841	24392785
2842	24394751
2843	24446417
2844	24458093
2845	24487868
2846	24521594
2847	24556643
2848	24563766
2849	24577416
2850	24580119
2851	24583048
2852	24595413
2853	24605139
2854	24649398
2855	24651625
2856	24670377
2857	24673565
2858	24687159
2859	24698129
2860	24700221
2861	24776951
2862	24828093
2863	24840998
2864	24847751
2865	24869068
2866	24906111
2867	24924710
2868	24925528
2869	24937311
2870	24944675
2871	24965655
2872	24970166
2873	25011646
2874	25044280
2875	25122718
2876	25139142
2877	25200792
2878	25207088
2879	25232808
2880	25267915
2881	25275343
2882	25277914
2883	25400978
2884	25416745
2885	25417125
2886	25424423
2887	25441124
2888	25445598
2889	25448334
2890	25460937
2891	25486943
2892	25491495
2893	25494300
2894	25502261
2895	25543096
2896	25549322
2897	25577343
2898	25587502
2899	25601588
2900	25610268
2901	25622835
2902	25633483
2903	25638616
2904	25650483
2905	25656971
2906	25664164
2907	25673536
2908	25686449
2909	25715244
2910	25716861
2911	25749413
2912	25750106
2913	25762347
2914	25793613
2915	25810471
2916	25812103
2917	25865602
2918	25867926
2919	25868125
2920	25871397
2921	25902669
2922	25908791
2923	25910265
2924	25924363
2925	25926654
2926	25927238
2927	25931631
2928	25968954
2929	25982569
2930	25988610
2931	26025119
2932	26026097
2933	26049047
2934	26068729
2935	26072989
2936	26078691
2937	26118606
2938	26140051
2939	26160113
2940	26178423
2941	26208074
2942	26209297
2943	26233967
2944	26236312
2945	26249065
2946	26302158
2947	26330210
2948	26351186
2949	26388163
2950	26392929
2951	26394391
2952	26406697
2953	26406967
2954	26411401
2955	26458898
2956	26466055
2957	26469228
2958	26472162
2959	26475538
2960	26476626
2961	26501064
2962	26528719
2963	26569732
2964	26575045
2965	26600932
2966	26605167
2967	26637552
2968	26654776
2969	26668631
2970	26675680
2971	26692492
2972	26702958
2973	26731109
2974	26776470
2975	26785463
2976	26788924
2977	26809480
2978	26825179
2979	26869347
2980	26871457
2981	26893549
2982	26912572
2983	26932346
2984	26937129
2985	26937716
2986	26971671
2987	26988848
2988	27019244
2989	27044456
2990	27047839
2991	27058134
2992	27061274
2993	27085235
2994	27096795
2995	27102564
2996	27106534
2997	27151801
2998	27162828
2999	27172034
3000	27174839
3001	27176069
3002	27201332
3003	27208324
3004	27268602
3005	27271724
3006	27277272
3007	27279195
3008	27304462
3009	27356012
3010	27365248
3011	27379027
3012	27387470
3013	27400029
3014	27415487
3015	27419635
3016	27429848
3017	27431224
3018	27442745
3019	27448809
3020	27451701
3021	27453179
3022	27453284
3023	27527890
3024	27541139
3025	27550188
3026	27555427
3027	27646044
3028	27684031
3029	27719299
3030	27760472
3031	27764252
3032	27764888
3033	27765272
3034	27774791
3035	27776677
3036	27791042
3037	27829271
3038	27830265
3039	27843279
3040	27844022
3041	27852225
3042	27854264
3043	27860896
3044	27890174
3045	27890561
3046	27900345
3047	27901015
3048	27926778
3049	27931584
3050	27951543
3051	27975108
3052	28009208
3053	28058677
3054	28062588
3055	28073332
3056	28082596
3057	28102716
3058	28126731
3059	28137745
3060	28158387
3061	28199305
3062	28237104
3063	28241638
3064	28295560
3065	28295756
3066	28316940
3067	28340086
3068	28366229
3069	28387538
3070	28400702
3071	28440692
3072	28449206
3073	28470992
3074	28480785
3075	28517536
3076	28535891
3077	28538432
3078	28568773
3079	28609926
3080	28628675
3081	28628859
3082	28635026
3083	28636230
3084	28639079
3085	28656397
3086	28673526
3087	28689531
3088	28705480
3089	28729735
3090	28731559
3091	28766710
3092	28774732
3093	28786248
3094	28788073
3095	28815383
3096	28826184
3097	28829948
3098	28861170
3099	28902248
3100	28923099
3101	28947731
3102	28952240
3103	28954422
3104	28967189
3105	28983291
3106	28990495
3107	28998197
3108	29014513
3109	29017351
3110	29043659
3111	29100960
3112	29147164
3113	29165218
3114	29169120
3115	29191406
3116	29206195
3117	29252068
3118	29252899
3119	29287512
3120	29292201
3121	29299294
3122	29306313
3123	29319499
3124	29320966
3125	29349669
3126	29351718
3127	29352077
3128	29374071
3129	29381935
3130	29397351
3131	29399911
3132	29401660
3133	29416682
3134	29430475
3135	29430678
3136	29432074
3137	29433659
3138	29437180
3139	29460570
3140	29506553
3141	29519869
3142	29531605
3143	29555342
3144	29565154
3145	29582533
3146	29598330
3147	29607215
3148	29634289
3149	29638330
3150	29638733
3151	29648576
3152	29666342
3153	29673388
3154	29684885
3155	29686086
3156	29699946
3157	29716934
3158	29719957
3159	29732554
3160	29764182
3161	29770697
3162	29786972
3163	29830618
3164	29879842
3165	29909186
3166	29910864
3167	29919163
3168	29940229
3169	29942401
3170	29945725
3171	29946712
3172	29951136
3173	29957402
3174	29964330
3175	29974465
3176	29991215
3177	30020104
3178	30020674
3179	30024811
3180	30032492
3181	30066943
3182	30071705
3183	30079326
3184	30090864
3185	30091960
3186	30092327
3187	30121167
3188	30140366
3189	30142966
3190	30156901
3191	30186586
3192	30189082
3193	30195581
3194	30195884
3195	30200182
3196	30228239
3197	30246408
3198	30248589
3199	30253527
3200	30274016
3201	30293156
3202	30331640
3203	30360025
3204	30363995
3205	30364431
3206	30369161
3207	30370198
3208	30420996
3209	30468857
3210	30502466
3211	30517737
3212	30526200
3213	30541067
3214	30543743
3215	30544472
3216	30559975
3217	30584909
3218	30596520
3219	30599963
3220	30613670
3221	30615580
3222	30626728
3223	30644144
3224	30653790
3225	30661792
3226	30676440
3227	30696153
3228	30729490
3229	30736795
3230	30756231
3231	30780785
3232	30793138
3233	30810399
3234	30834566
3235	30875830
3236	30876884
3237	30880269
3238	30885277
3239	30925010
3240	30925220
3241	30941757
3242	30968282
3243	30975301
3244	30975970
3245	30994908
3246	30999583
3247	30999637
3248	31006318
3249	31008567
3250	31040825
3251	31098035
3252	31130517
3253	31134298
3254	31138842
3255	31141384
3256	31173101
3257	31205627
3258	31214733
3259	31228633
3260	31235771
3261	31248237
3262	31255661
3263	31257400
3264	31299754
3265	31317736
3266	31320761
3267	31340362
3268	31352772
3269	31354446
3270	31363876
3271	31365546
3272	31372740
3273	31383586
3274	31388198
3275	31398975
3276	31431996
3277	31479539
3278	31494112
3279	31498333
3280	31538726
3281	31543523
3282	31594073
3283	31596616
3284	31596797
3285	31622892
3286	31658764
3287	31672927
3288	31679002
3289	31683665
3290	31701571
3291	31709952
3292	31715345
3293	31732184
3294	31733234
3295	31743018
3296	31765012
3297	31770722
3298	31790177
3299	31866473
3300	31875860
3301	31898903
3302	31924773
3303	31942542
3304	31951388
3305	31965921
3306	31978055
3307	31990407
3308	32000065
3309	32003698
3310	32026036
3311	32028736
3312	32038215
3313	32044357
3314	32068618
3315	32076576
3316	32085069
3317	32090733
3318	32100393
3319	32152459
3320	32155901
3321	32199377
3322	32207059
3323	32219446
3324	32223454
3325	32227013
3326	32249430
3327	32249764
3328	32252242
3329	32260647
3330	32264158
3331	32264557
3332	32273986
3333	32274401
3334	32287490
3335	32304237
3336	32306845
3337	32310186
3338	32341324
3339	32350368
3340	32353332
3341	32359746
3342	32377443
3343	32388254
3344	32391794
3345	32394297
3346	32419210
3347	32429574
3348	32431089
3349	32459788
3350	32468040
3351	32501419
3352	32504999
3353	32506472
3354	32510785
3355	32514609
3356	32558917
3357	32565618
3358	32568758
3359	32582419
3360	32626004
3361	32641470
3362	32656552
3363	32667481
3364	32674332
3365	32739103
3366	32746131
3367	32787277
3368	32801967
3369	32807071
3370	32831410
3371	32894889
3372	32936519
3373	32939455
3374	32945882
3375	32953623
3376	32957882
3377	32959834
3378	32970329
3379	32987739
3380	33016322
3381	33049709
3382	33053226
3383	33081992
3384	33097872
3385	33125810
3386	33128865
3387	33130576
3388	33133114
3389	33133255
3390	33139801
3391	33141024
3392	33145500
3393	33149082
3394	33154217
3395	33164644
3396	33188935
3397	33235041
3398	33249153
3399	33269271
3400	33298919
3401	33305405
3402	33319920
3403	33326122
3404	33332816
3405	33354766
3406	33374758
3407	33445178
3408	33464152
3409	33464382
3410	33473930
3411	33492043
3412	33512312
3413	33520794
3414	33528083
3415	33531876
3416	33541032
3417	33546934
3418	33624110
3419	33634412
3420	33638122
3421	33644585
3422	33652023
3423	33656393
3424	33656524
3425	33657112
3426	33680615
3427	33682879
3428	33686145
3429	33702149
3430	33710490
3431	33720364
3432	33724726
3433	33724809
3434	33739929
3435	33745136
3436	33765274
3437	33772036
3438	33781620
3439	33818117
3440	33830477
3441	33832971
3442	33865981
3443	33878035
3444	33888128
3445	33901683
3446	33911770
3447	33913261
3448	33916039
3449	33922471
3450	33926322
3451	33931833
3452	33948720
3453	33951743
3454	33952274
3455	33958950
3456	33963861
3457	33974278
3458	33982568
3459	33984961
3460	33993412
3461	34008833
3462	34011745
3463	34034198
3464	34036677
3465	34040775
3466	34043586
3467	34044669
3468	34064685
3469	34073042
3470	34088988
3471	34129849
3472	34130369
3473	34132820
3474	34132834
3475	34133982
3476	34135963
3477	34159890
3478	34166434
3479	34190951
3480	34201238
3481	34226598
3482	34228841
3483	34243977
3484	34259950
3485	34261225
3486	34266667
3487	34295318
3488	34339784
3489	34357803
3490	34358807
3491	34378476
3492	34386686
3493	34408690
3494	34409496
3495	34430266
3496	34470098
3497	34480817
3498	34497012
3499	34508499
3500	34509908
3501	34524614
3502	34529735
3503	34543686
3504	34544942
3505	34593799
3506	34594515
3507	34604130
3508	34619297
3509	34648657
3510	34653493
3511	34662107
3512	34664500
3513	34670522
3514	34674442
3515	34684898
3516	34713413
3517	34717261
3518	34722627
3519	34755359
3520	34773651
3521	34776955
3522	34802094
3523	34814219
3524	34831275
3525	34835827
3526	34880555
3527	34938353
3528	34983920
3529	34990928
3530	35010687
3531	35012159
3532	35028740
3533	35043984
3534	35050606
3535	35072839
3536	35074632
3537	35081559
3538	35092357
3539	35114367
3540	35117692
3541	35123841
3542	35143379
3543	35145686
3544	35148132
3545	35162970
3546	35170102
3547	35185836
3548	35197093
3549	35202633
3550	35209168
3551	35228698
3552	35228896
3553	35238477
3554	35241563
3555	35257857
3556	35261595
3557	35267737
3558	35275899
3559	35276887
3560	35302485
3561	35312160
3562	35361081
3563	35361373
3564	35363657
3565	35407581
3566	35417838
3567	35448758
3568	35451819
3569	35500788
3570	35505744
3571	35515464
3572	35525455
3573	35533570
3574	35536372
3575	35537146
3576	35544092
3577	35568583
3578	35587242
3579	35590045
3580	35623684
3581	35629638
3582	35690295
3583	35695013
3584	35734491
3585	35761203
3586	35786658
3587	35809113
3588	35813077
3589	35827387
3590	35898055
3591	35919489
3592	35929096
3593	35931923
3594	35943910
3595	35944874
3596	35961007
3597	35961025
3598	35971249
3599	36003674
3600	36011307
3601	36011493
3602	36017998
3603	36052191
3604	36053459
3605	36065610
3606	36070945
3607	36084672
3608	36092716
3609	36100346
3610	36104019
3611	36142815
3612	36189267
3613	36192007
3614	36214239
3615	36220499
3616	36226445
3617	36230870
3618	36231145
3619	36245205
3620	36247476
3621	36248845
3622	36254405
3623	36302105
3624	36314007
3625	36332252
3626	36341610
3627	36354763
3628	36365953
3629	36393336
3630	36398884
3631	36403398
3632	36403786
3633	36456696
3634	36467356
3635	36471458
3636	36485381
3637	36494453
3638	36498454
3639	36503883
3640	36505379
3641	36507594
3642	36513433
3643	36517658
3644	36553447
3645	36577656
3646	36647947
3647	36708275
3648	36728999
3649	36732243
3650	36785723
3651	36797741
3652	36810219
3653	36871252
3654	36898821
3655	36908236
3656	36929667
3657	36941927
3658	36944164
3659	36963045
3660	36977529
3661	37051704
3662	37079436
3663	37106065
3664	37115730
3665	37116542
3666	37142984
3667	37166242
3668	37169788
3669	37172898
3670	37182345
3671	37192212
3672	37210634
3673	37214414
3674	37219629
3675	37221238
3676	37243428
3677	37266311
3678	37267106
3679	37271238
3680	37285221
3681	37336394
3682	37338949
3683	37411138
3684	37413117
3685	37435017
3686	37437080
3687	37439628
3688	37448288
3689	37470119
3690	37480530
3691	37492660
3692	37493290
3693	37508805
3694	37550979
3695	37551016
3696	37567206
3697	37575573
3698	37591139
3699	37593111
3700	37600992
3701	37608715
3702	37654718
3703	37735259
3704	37745717
3705	37757177
3706	37758725
3707	37776969
3708	37781539
3709	37797301
3710	37849170
3711	37922674
3712	37949854
3713	37961404
3714	38026299
3715	38027651
3716	38048073
3717	38072606
3718	38080977
3719	38096709
3720	38107110
3721	38109711
3722	38118967
3723	38123573
3724	38124082
3725	38126820
3726	38133732
3727	38142906
3728	38153085
3729	38155970
3730	38189090
3731	38220786
3732	38223434
3733	38227871
3734	38273228
3735	38338282
3736	38384757
3737	38456955
3738	38469360
3739	38543708
3740	38549509
3741	38554063
3742	38569663
3743	38575244
3744	38582236
3745	38612064
3746	38630302
3747	38646827
3748	38701989
3749	38711044
3750	38737984
3751	38737988
3752	38745461
3753	38762877
3754	38765782
3755	38773455
3756	38774984
3757	38776834
3758	38782188
3759	38788928
3760	38833203
3761	38836117
3762	38844894
3763	38862637
3764	38863567
3765	38877428
3766	38880070
3767	38886643
3768	38910084
3769	38919750
3770	38927250
3771	38930443
3772	38939417
3773	38942281
3774	38957855
3775	38959639
3776	38978401
3777	38999009
3778	39029440
3779	39075102
3780	39098483
3781	39101906
3782	39161359
3783	39200519
3784	39213702
3785	39227173
3786	39227948
3787	39229443
3788	39246492
3789	39255315
3790	39270887
3791	39294522
3792	39299057
3793	39325246
3794	39329596
3795	39333396
3796	39367780
3797	39372961
3798	39378418
3799	39387471
3800	39401851
3801	39422520
3802	39447526
3803	39470021
3804	39480470
3805	39490139
3806	39513121
3807	39525764
3808	39551658
3809	39561068
3810	39576890
3811	39584078
3812	39585058
3813	39615488
3814	39617487
3815	39624316
3816	39658721
3817	39673315
3818	39678902
3819	39683363
3820	39693680
3821	39698765
3822	39708249
3823	39712290
3824	39713064
3825	39740418
3826	39746001
3827	39756303
3828	39763806
3829	39778323
3830	39790390
3831	39812515
3832	39823587
3833	39827375
3834	39829201
3835	39839313
3836	39842342
3837	39858776
3838	39872908
3839	39880613
3840	39884129
3841	39893299
3842	39901806
3843	39902977
3844	39910189
3845	39928997
3846	39937517
3847	39940657
3848	39943785
3849	40016072
3850	40016471
3851	40041254
3852	40046089
3853	40046661
3854	40054296
3855	40059217
3856	40081791
3857	40098794
3858	40106651
3859	40106966
3860	40108379
3861	40109816
3862	40116055
3863	40156204
3864	40156210
3865	40179147
3866	40180541
3867	40182755
3868	40207481
3869	40212287
3870	40215969
3871	40220081
3872	40220711
3873	40223525
3874	40236154
3875	40254888
3876	40255099
3877	40267030
3878	40268295
3879	40313604
3880	40323080
3881	40337528
3882	40345539
3883	40363382
3884	40367062
3885	40369105
3886	40377663
3887	40400131
3888	40408395
3889	40416260
3890	40420354
3891	40423444
3892	40428705
3893	40432857
3894	40460048
3895	40461148
3896	40464030
3897	40477227
3898	40501078
3899	40502892
3900	40505193
3901	40507757
3902	40524896
3903	40537787
3904	40544332
3905	40569767
3906	40571710
3907	40574613
3908	40575021
3909	40591561
3910	40594129
3911	40613303
3912	40624978
3913	40625518
3914	40627075
3915	40635313
3916	40663164
3917	40664125
3918	40668898
3919	40669404
3920	40704851
3921	40707526
3922	40718266
3923	40726207
3924	40732240
3925	40739701
3926	40757863
3927	40784576
3928	40784708
3929	40790755
3930	40819298
3931	40841245
3932	40843135
3933	40866793
3934	40871988
3935	40876658
3936	40882160
3937	40883377
3938	40894157
3939	40896872
3940	40911995
3941	40916269
3942	40932852
3943	40949420
3944	40950237
3945	40973308
3946	40984626
3947	40992200
3948	41011853
3949	41011953
3950	41015365
3951	41032599
3952	41037631
3953	41104914
3954	41109935
3955	41156258
3956	41190092
3957	41206648
3958	41208564
3959	41211040
3960	41232597
3961	41235326
3962	41284071
3963	41286803
3964	41297464
3965	41311108
3966	41312556
3967	41314720
3968	41329151
3969	41333925
3970	41336915
3971	41351485
3972	41362015
3973	41375179
3974	41394142
3975	41408161
3976	41439894
3977	41474602
3978	41485967
3979	41487548
3980	41493462
3981	41507561
3982	41531789
3983	41535818
3984	41590492
3985	41611270
3986	41615624
3987	41623013
3988	41674530
3989	41683645
3990	41685159
3991	41688540
3992	41690463
3993	41703588
3994	41729907
3995	41736320
3996	41739364
3997	41758322
3998	41765687
3999	41779367
4000	41806304
4001	41817879
4002	41830926
4003	41840493
4004	41853255
4005	41854478
4006	41885871
4007	41899215
4008	41901357
4009	41911247
4010	41915512
4011	41928327
4012	41955828
4013	41967718
4014	41980554
4015	41981536
4016	41985630
4017	41986366
4018	42005945
4019	42036397
4020	42079586
4021	42110059
4022	42119737
4023	42120668
4024	42121248
4025	42131327
4026	42165695
4027	42205143
4028	42224949
4029	42260474
4030	42266853
4031	42280495
4032	42302607
4033	42308536
4034	42336439
4035	42342296
4036	42355287
4037	42362510
4038	42371835
4039	42375287
4040	42415228
4041	42439361
4042	42454924
4043	42464176
4044	42473454
4045	42475468
4046	42478757
4047	42485195
4048	42495743
4049	42506651
4050	42522418
4051	42523522
4052	42524845
4053	42539621
4054	42546235
4055	42557459
4056	42563776
4057	42590622
4058	42594953
4059	42601076
4060	42614613
4061	42621542
4062	42633017
4063	42639339
4064	42653446
4065	42656545
4066	42662840
4067	42668100
4068	42678612
4069	42682126
4070	42684158
4071	42703929
4072	42708111
4073	42725530
4074	42745118
4075	42755304
4076	42776968
4077	42781013
4078	42789645
4079	42799443
4080	42820342
4081	42831771
4082	42889945
4083	42922941
4084	42923394
4085	42935765
4086	42938268
4087	42960322
4088	42973367
4089	42981309
4090	43001853
4091	43015612
4092	43019039
4093	43027789
4094	43028914
4095	43039713
4096	43046058
4097	43085524
4098	43088558
4099	43100510
4100	43115892
4101	45153131
4102	45162026
4103	45179116
4104	45233479
4105	45234153
4106	45238130
4107	45240204
4108	45253106
4109	45263873
4110	45266618
4111	45272274
4112	45286363
4113	45293587
4114	45293733
4115	45308032
4116	45314123
4117	45314198
4118	45324577
4119	45329671
4120	45333269
4121	45348348
4122	45353578
4123	45356088
4124	45358509
4125	45371768
4126	45373302
4127	45375163
4128	45377145
4129	45384585
4130	45400712
4131	45413813
4132	45414615
4133	45417088
4134	45422125
4135	45463112
4136	45467029
4137	45482758
4138	45501298
4139	45508847
4140	45515096
4141	45530200
4142	45538958
4143	45538967
4144	45550862
4145	45559615
4146	45564833
4147	45565771
4148	45569337
4149	45596021
4150	45601211
4151	45609522
4152	45646234
4153	45657725
4154	45658719
4155	45662228
4156	45667583
4157	45671764
4158	45675278
4159	45677756
4160	45687548
4161	45698398
4162	45720777
4163	45736527
4164	45749180
4165	45759328
4166	45760635
4167	45763286
4168	45795134
4169	45808219
4170	45825424
4171	45827101
4172	45840308
4173	45853223
4174	45854623
4175	45862693
4176	45868647
4177	45873985
4178	45921485
4179	45945095
4180	45956142
4181	45995551
4182	46000116
4183	46026467
4184	46035881
4185	46041646
4186	46042260
4187	46044913
4188	46067651
4189	46072288
4190	46087194
4191	46088514
4192	46093700
4193	46094481
4194	46094843
4195	46098207
4196	46100445
4197	46100935
4198	46117361
4199	46124973
4200	46135922
4201	46149292
4202	46150347
4203	46169913
4204	46189312
4205	46258000
4206	46264274
4207	46266829
4208	46304768
4209	46320610
4210	46321276
4211	46376313
4212	46385129
4213	46403420
4214	46413376
4215	46415579
4216	46440568
4217	46449267
4218	46501266
4219	46514405
4220	46522726
4221	46523049
4222	46525019
4223	46537472
4224	46552740
4225	46558086
4226	46580368
4227	46582176
4228	46634687
4229	46638556
4230	46683287
4231	46688639
4232	46689621
4233	46690400
4234	46691805
4235	46702396
4236	46709749
4237	46731497
4238	46733113
4239	46764541
4240	46775102
4241	46777363
4242	46804304
4243	46804345
4244	46805550
4245	46806990
4246	46807429
4247	46809278
4248	46817126
4249	46818936
4250	46831951
4251	46836056
4252	46836841
4253	46847254
4254	46848655
4255	46857855
4256	46858859
4257	46861689
4258	46872198
4259	46878402
4260	46894144
4261	46910081
4262	46910944
4263	46919319
4264	46936941
4265	46954635
4266	46954914
4267	46958798
4268	46960388
4269	46960827
4270	46967106
4271	46976917
4272	46994980
4273	47005428
4274	47034165
4275	47041826
4276	47048872
4277	47049766
4278	47051632
4279	47071292
4280	47072488
4281	47086693
4282	47114885
4283	47125209
4284	47125794
4285	47128063
4286	47133987
4287	47163920
4288	47170967
4289	47171701
4290	47172122
4291	47183523
4292	47186212
4293	47189039
4294	47200941
4295	47202694
4296	47224221
4297	47231031
4298	47234495
4299	47235036
4300	47235160
4301	47236516
4302	47244000
4303	47244074
4304	47262455
4305	47293696
4306	47299873
4307	47309183
4308	47331051
4309	47338058
4310	47342326
4311	47350296
4312	47362339
4313	47366727
4314	47371750
4315	47379637
4316	47383257
4317	47402707
4318	47405584
4319	47427614
4320	47433482
4321	47437597
4322	47459655
4323	47468471
4324	47471456
4325	47483704
4326	47507555
4327	47513824
4328	47517195
4329	47520575
4330	47523032
4331	47532489
4332	47536178
4333	47552366
4334	47553921
4335	47558809
4336	47562112
4337	47570768
4338	47578546
4339	47579518
4340	47581089
4341	47590780
4342	47593730
4343	47608552
4344	47613005
4345	47623570
4346	47628245
4347	47630991
4348	47637890
4349	47640521
4350	47651504
4351	47660770
4352	47661716
4353	47676796
4354	47679064
4355	47696200
4356	47696990
4357	47699614
4358	47702987
4359	47707760
4360	47713892
4361	47716075
4362	47728313
4363	47730116
4364	47734309
4365	47736381
4366	47738180
4367	47741498
4368	47749439
4369	47752240
4370	47759110
4371	47764246
4372	47764510
4373	47769684
4374	47775431
4375	47778513
4376	47780976
4377	47814888
4378	47818655
4379	47826108
4380	47828436
4381	47840164
4382	47843228
4383	47871795
4384	47885795
4385	47897650
4386	47902902
4387	47912386
4388	47913914
4389	47914138
4390	47916623
4391	47918071
4392	47921150
4393	47931648
4394	47936972
4395	47939459
4396	47942810
4397	47943103
4398	47945618
4399	47962516
4400	47965057
4401	47967610
4402	47967794
4403	47971583
4404	47986316
4405	47989119
4406	47991745
4407	47997633
4408	47999819
4409	48011843
4410	48015432
4411	48016301
4412	48016424
4413	48022158
4414	48035015
4415	48037354
4416	48038007
4417	48042809
4418	48043707
4419	48053940
4420	48058885
4421	48060634
4422	48092045
4423	48096884
4424	48096980
4425	48106946
4426	48109331
4427	48122479
4428	48127043
4429	48138212
4430	48148814
4431	48152596
4432	48168251
4433	48173567
4434	48176227
4435	48178886
4436	48180258
4437	48189893
4438	48193386
4439	48204237
4440	48224746
4441	48224972
4442	48226827
4443	48248185
4444	48258163
4445	48265938
4446	48268942
4447	48272586
4448	48274294
4449	48277030
4450	48293125
4451	48295977
4452	48296977
4453	48299201
4454	48308528
4455	48310495
4456	48315112
4457	48315165
4458	48317312
4459	48318096
4460	48323522
4461	48324331
4462	48327698
4463	48331629
4464	48338586
4465	48367456
4466	48369284
4467	48375547
4468	48397452
4469	48399730
4470	48405755
4471	48410828
4472	48411267
4473	48413557
4474	48415523
4475	48416072
4476	48418545
4477	48420978
4478	48428716
4479	48430608
4480	48430711
4481	48431367
4482	48431693
4483	48433840
4484	48435591
4485	48452879
4486	48453011
4487	48458436
4488	48459064
4489	48465963
4490	48473153
4491	48474788
4492	48478495
4493	48479556
4494	48485173
4495	48486996
4496	48487657
4497	48491812
4498	48492164
4499	48495591
4500	48496150
4501	48509052
4502	48510593
4503	48517211
4504	48524741
4505	48527975
4506	48531349
4507	48533706
4508	48534646
4509	48536166
4510	48539675
4511	48548843
4512	48555090
4513	48557467
4514	48560078
4515	48579821
4516	48580399
4517	48584061
4518	48592539
4519	48597151
4520	48612262
4521	48615188
4522	48629370
4523	48634555
4524	48645230
4525	48649885
4526	48653869
4527	48656576
4528	48665816
4529	48666130
4530	48677943
4531	48678623
4532	48680337
4533	48697111
4534	48715696
4535	48717476
4536	48721599
4537	48728764
4538	48735115
4539	48743833
4540	48751226
4541	48753301
4542	48757924
4543	48770825
4544	48778840
4545	48781441
4546	48805103
4547	48806760
4548	48807657
4549	48810938
4550	48815405
4551	48818418
4552	48821238
4553	48831360
4554	48837787
4555	48840013
4556	48841751
4557	48846628
4558	48853338
4559	48854028
4560	48856812
4561	48861707
4562	48862111
4563	48868115
4564	48875003
4565	48878040
4566	48878278
4567	48878299
4568	48878440
4569	48878800
4570	48880616
4571	48881361
4572	48882436
4573	48890742
4574	48896137
4575	48900583
4576	48901306
4577	48913164
4578	48915385
4579	48919083
4580	48925361
4581	48933182
4582	48933193
4583	48934348
4584	48937779
4585	48960147
4586	48961116
4587	48962980
4588	48969985
4589	48990959
4590	48990987
4591	48993510
4592	49015413
4593	49024972
4594	49025524
4595	49040600
4596	49042183
4597	49045250
4598	49045364
4599	49064373
4600	49065207
4601	49065809
4602	49066332
4603	49073168
4604	49082910
4605	49087415
4606	49090417
4607	49095551
4608	49096892
4609	49100167
4610	49100294
4611	49100967
4612	49108331
4613	49110157
4614	49113472
4615	49119286
4616	49126224
4617	49146252
4618	49147673
4619	49151423
4620	49152146
4621	49165959
4622	49172959
4623	49181104
4624	49189841
4625	49191115
4626	49191622
4627	49192567
4628	49195655
4629	49196555
4630	49197303
4631	49197409
4632	49202934
4633	49203491
4634	49204771
4635	49207574
4636	49211127
4637	49217488
4638	49221579
4639	49227851
4640	49229932
4641	49238615
4642	49240169
4643	49246138
4644	49246440
4645	49258697
4646	49263409
4647	49279983
4648	49282034
4649	49290551
4650	49296220
4651	49313892
4652	49316168
4653	49324324
4654	49327621
4655	49332378
4656	49336879
4657	49338941
4658	49345702
4659	49347131
4660	49351326
4661	49362190
4662	49366114
4663	49382433
4664	49384260
4665	49384849
4666	49387206
4667	49389355
4668	49395358
4669	49396730
4670	49398919
4671	49403798
4672	49411389
4673	49413858
4674	49417703
4675	49417886
4676	49418671
4677	49424658
4678	49441844
4679	49443281
4680	49443742
4681	49444395
4682	49445745
4683	49446551
4684	49449901
4685	49452485
4686	49454993
4687	49458333
4688	49458674
4689	49458982
4690	49474610
4691	49476943
4692	49477880
4693	49478504
4694	49486147
4695	49493476
4696	49495806
4697	49496260
4698	49496701
4699	49501309
4700	49503693
4701	49510116
4702	49515349
4703	49533815
4704	49539453
4705	49543821
4706	49545273
4707	49550146
4708	49557610
4709	49558009
4710	49562552
4711	49563518
4712	49564598
4713	49564625
4714	49566462
4715	49569024
4716	49573568
4717	49575924
4718	49577030
4719	49577091
4720	49577834
4721	49583695
4722	49586408
4723	49588011
4724	49591947
4725	49594596
4726	49597383
4727	49598340
4728	49598591
4729	49599312
4730	49600076
4731	49602887
4732	49603902
4733	49611011
4734	49617189
4735	49617219
4736	49638886
4737	49642666
4738	49643517
4739	49646314
4740	49646912
4741	49647009
4742	49648603
4743	49653408
4744	49653420
4745	49654766
4746	49655843
4747	49656616
4748	49659101
4749	49663460
4750	49666674
4751	49667051
4752	49673204
4753	49673997
4754	49676092
4755	49679964
4756	49680211
4757	49689102
4758	49689282
4759	49691580
4760	49691985
4761	49695697
4762	49696290
4763	49696920
4764	49697414
4765	49707246
4766	49725878
4767	49727199
4768	49730886
4769	49738573
4770	49760067
4771	49763707
4772	49768122
4773	49772855
4774	49773504
4775	49780281
4776	49783988
4777	49786229
4778	49797395
4779	49797488
4780	49804487
4781	49806748
4782	49812607
4783	49817475
4784	49827213
4785	49827487
4786	49828634
4787	49829453
4788	49839203
4789	49839317
4790	49839384
4791	49840210
4792	49844178
4793	49847792
4794	49850024
4795	49860106
4796	49860355
4797	49863501
4798	49865254
4799	49872251
4800	49878518
4801	49881934
4802	49887813
4803	49894293
4804	49903672
4805	49924132
4806	49924196
4807	49934364
4808	49936124
4809	49938476
4810	49950476
4811	49970207
4812	50025079
4813	50030211
4814	50041756
4815	50069026
4816	50074162
